1121
4909
39988
15231
32473
32474
32475
25748
32478
32479
43409
4670
11502
18780
29710
46958
3
19208
21781
43178
6
21784
9
11272
11274
21788
32716
32717
8646
32718
4914
29480
39994
39995
29485
29488
1138
47148
42993
32481
25754
32482
32483
15243
43411
25758
25759
43415
15248
4680
11512
4683
5100
11517
5102
46960
29720
19210
29724
29725
46968
43184
32720
21795
11283
22210
32724
32726
25767
43425
43428
11520
11526
4697
43190
19222
32731
22220
22221
32735
22223
32736
32737
11298
22228
4934
1150
4936
47165
47167
47168
25772
47169
25773
15262
36704
36708
11532
11538
46982
29742
36470
19231
19232
47402
19237
15501
15509
4942
4946
4947
1165
47179
26200
43442
26204
36717
26209
5132
5133
5138
46991
46992
1401
19240
46995
47411
29756
29758
46999
1409
22240
15514
22242
8689
9105
9107
1178
47187
47189
26210
43451
15288
8921
11554
11555
8927
11559
5144
29765
19254
47422
1418
32760
15520
32761
15522
32768
15528
9117
4963
1182
1189
43460
26220
15298
36738
43466
26228
8933
19260
29774
1424
47430
19263
29776
19265
1427
47433
32774
22262
22263
32777
15537
4970
9128
1197
36741
36744
36746
19506
19507
26238
11571
8945
8949
5165
5166
29782
47449
32780
32783
32784
22273
32787
43714
43719
4981
11816
11818
4989
5405
19510
36752
19515
22514
12002
8957
8958
22517
5175
12005
22518
5178
5179
29790
1442
47450
1445
47451
19284
29799
32792
43721
15555
43725
33213
22287
22288
43729
33218
11828
5419
43496
19529
26257
8960
8968
22529
5187
5188
12019
1452
19291
19295
19297
47465
43730
43732
9152
15569
33225
11831
9159
11836
36771
26261
19534
47704
19537
36779
47707
15803
15804
22532
22533
8979
5195
22538
1460
103
105
47478
26500
43742
43745
9164
33236
33239
36784
47716
47718
37206
15814
8984
22542
12031
12032
15817
22545
8988
40202
40205
9407
1472
1474
112
1475
113
47483
1478
15582
15585
15586
33242
26515
9173
33244
16004
9177
5448
36791
47720
19552
19555
26283
37211
47726
36799
8991
15822
8995
8997
22555
22556
40215
40219
121
47497
129
47499
15591
33250
33251
16011
26524
16014
9185
26529
9187
11862
11865
11867
5451
5458
5459
19560
19563
47732
47733
26293
37221
1728
19569
26297
15833
15835
22563
12051
9422
22567
9425
1492
1497
136
1499
138
19801
16020
9191
26535
26536
33264
9196
33269
11874
11875
22802
5464
22808
5467
1732
19578
37239
22571
22572
22578
33509
16032
26545
33275
33276
11881
11886
12301
11888
5473
22817
22818
5475
12307
19580
19581
1743
19587
47757
15854
23000
12073
9442
12074
22587
22589
23005
9449
23008
152
5715
154
5717
19820
43792
43794
26554
19828
16043
43797
11891
11894
5482
5483
12315
5486
12317
12319
19590
47760
47763
1757
19596
37257
33520
33522
12084
40253
22599
23014
40255
12088
33529
40257
165
5727
168
44220
16052
19837
33295
44226
16059
12326
12328
5499
47774
1769
37265
15871
26805
23020
33533
12096
40266
173
175
26570
19844
44230
26575
44239
9705
12338
47780
413
47787
33541
33543
15888
16302
40273
23033
40274
40277
40278
5742
26587
44245
37518
9714
40514
9718
1784
2201
424
37286
15894
26822
26823
16312
40284
23043
26829
191
5757
19860
26590
26593
16081
44251
16083
19869
27012
37527
44255
16087
16089
22861
44259
22865
12353
40523
12358
30015
430
432
2211
435
2213
437
2218
33560
9492
40292
26836
9494
26838
23055
9498
5764
5765
27020
16094
16097
44268
22872
33802
12363
33804
22877
40533
12365
40536
40537
30025
446
449
2227
23061
16337
33579
23069
12605
12606
5777
12607
19882
37540
27032
37546
37547
22881
44278
22884
9741
33814
40544
22889
23304
30032
33817
2239
26850
23077
5784
37550
19895
44281
22891
22894
33821
9752
12385
33825
9755
12386
9757
33828
9758
464
467
26860
26864
23080
26865
23081
44522
44524
23085
44527
44529
12628
6217
6218
701
27050
37563
27052
37567
33830
12391
9766
33838
30057
30058
471
473
474
2252
2259
44530
23094
34022
34023
44538
34027
40800
12636
12637
12639
716
33842
40572
23332
30064
16609
30066
480
2265
2266
16371
37817
34034
27307
12644
12646
6231
6235
6239
720
2505
38001
27076
38003
16611
9782
33853
33856
16615
16619
40588
23349
490
492
2273
498
2275
26890
26893
26896
27311
16384
16385
34042
16389
34045
12653
40826
6243
6246
732
735
738
27084
38011
27086
37599
27088
9791
40591
16624
23352
33865
30081
40597
30085
41013
41016
41019
2280
2284
44561
16393
44562
37835
34058
12661
12665
12666
40835
6253
6255
40839
2522
27092
38023
38024
27098
38025
33870
16634
23362
30090
30092
16637
23366
44808
44809
2290
2299
37843
37844
27332
27333
27335
34064
34066
44579
12673
12676
23605
12678
40848
6264
757
2535
38036
33884
44812
23374
23377
34304
44817
44580
34074
37859
45002
45005
34078
13100
23614
40855
30343
12688
30349
765
2543
2546
38040
2548
38046
38048
44820
16653
33895
16655
33896
34312
44826
44827
23389
34316
34317
34319
37865
34080
37866
44594
34082
44596
44598
12694
40863
12695
13110
30351
30352
12698
23626
12699
6285
23629
776
2556
2558
2559
16661
16664
23399
34326
12935
6522
6526
37870
27361
37874
34090
34092
45025
45026
16901
45029
6290
40875
30365
6295
13125
6296
783
786
38064
16671
16674
16675
16676
27604
27605
44848
34336
41064
12943
12945
30600
30603
37880
2802
2806
38300
45030
27378
16910
45038
30370
45039
40884
13131
16916
13136
23649
30378
13139
792
793
2578
16681
38078
44854
44855
41071
34344
41073
44858
17105
44859
12951
41076
34349
17109
6540
20101
30616
6547
30619
20108
37890
37893
27381
37897
38311
27385
45041
38315
40891
13141
30382
13145
40899
2580
2583
2587
3006
44860
38089
16694
34351
44865
44866
17112
41081
44867
41083
44868
17116
12962
34359
12963
12965
6553
30624
6555
20114
20116
27393
2828
45051
27398
45056
16932
23660
16933
16937
13156
23669
30397
2591
2593
38094
38095
38096
44872
17123
34364
34366
23900
23902
12976
20120
23905
30638
20127
20129
2831
2833
2835
23672
45069
23679
13169
34609
41338
41339
3028
27641
27642
44886
17132
27645
34373
45301
12982
34379
45309
23915
6573
13405
6576
20137
2843
38341
2849
38343
45071
38344
45078
34612
13173
24104
24107
6816
34380
27652
34381
27654
34383
45311
45312
44898
45313
45315
23920
23921
12994
23925
13415
20143
6587
30658
20149
2854
45081
45085
16961
16962
23690
24111
13185
23699
13187
24114
34629
41359
3040
6825
3043
27662
34390
34391
27664
34394
17154
45322
6591
30663
13426
23939
6599
2868
45090
38362
27900
45099
13192
27906
27908
24124
24128
6831
30906
6837
27674
27675
17162
45331
17168
23941
13431
30672
23948
23949
13438
41608
41609
2871
38372
38374
38376
16985
34641
34642
27914
24130
17406
41375
24137
30917
6846
6847
6849
3065
3066
27684
28102
17177
17178
45346
38619
45348
23955
30683
23956
30684
20174
31104
31106
2884
2888
3303
38384
16997
24140
34654
24143
34657
41385
24145
24146
24148
6851
30924
6854
30925
20414
20417
27691
27695
38626
17187
28114
38628
17189
28119
13452
30695
31110
23969
41626
41629
7048
2892
3313
38392
38398
38399
27932
34661
17423
41392
17424
17427
24155
24158
30931
30933
3080
6867
20426
3089
17190
45364
28125
13461
13462
20191
41631
20193
34907
7057
3325
3327
27941
17431
45601
24162
45603
45607
6870
13700
30942
3096
38642
28131
23982
23983
13471
13472
41640
24400
7062
24405
34918
41649
31136
7068
35102
45617
35106
6880
20440
6884
30955
7305
7307
28140
45383
28146
23990
38659
45387
24410
31140
13488
41656
31144
31145
27963
34692
17452
45621
27967
24183
27968
24184
35112
35114
30961
30965
6899
20458
20459
7318
38662
45390
45392
45393
28157
28158
13490
41662
7080
24423
24425
31155
41668
7085
24190
17462
27978
35121
38906
17467
45635
35123
35126
30970
35128
13731
30977
41906
7329
28163
38677
17702
24431
41673
34945
17705
41674
41676
31164
3361
20709
27982
38911
27984
27985
17472
45641
38913
38914
45642
27988
17477
28409
30982
20471
30984
31403
20476
7336
38682
38683
39102
28177
39105
28179
17710
34953
24440
34954
31170
17714
31171
24444
31174
31175
31178
42108
20712
10201
3379
27996
28411
28412
17485
28413
28418
41925
41927
13759
7343
31418
7348
3612
28186
28188
28189
41690
24450
34963
24452
31182
24455
24456
31184
41697
31185
31186
24459
31188
42118
20724
20726
3385
20729
10219
35150
38938
45669
35159
41933
13765
20494
3621
3626
28197
28198
28199
24460
24461
17734
24462
34975
17735
31194
42123
3390
20733
10221
10222
3395
10226
12
45670
28431
45674
28434
13771
13773
31430
31432
31434
13779
7363
3635
39133
39138
45910
34985
17746
45915
34988
24478
35408
7605
7606
38955
35171
45684
28445
46101
13780
35178
13781
41952
24712
41954
7371
31444
14203
7375
14209
3643
3645
3649
17752
17756
42149
7612
7613
10246
38960
34
28451
28452
38
28453
45695
28455
45696
35184
35187
24721
46119
31451
24724
31454
14214
7385
3652
39154
17762
24493
42150
35422
24495
35423
45939
42157
38973
28463
35192
28464
35199
41971
46128
31460
24737
24738
39161
35431
42160
35433
45947
35434
17779
28707
42163
45948
42166
10260
31701
20774
31703
10265
7635
31706
52
53
3904
3905
28474
39401
28479
41981
46139
41984
31474
31476
24749
42405
10506
17787
18202
42172
45957
35445
45959
35447
42177
7640
31712
20786
10273
7645
10277
10279
7649
21208
38994
68
38996
46142
28489
46145
39418
41991
24750
31480
24754
14245
31488
14247
42419
39180
4102
4105
4108
39187
39189
45961
35450
18211
45965
42181
45966
42182
42184
31720
7650
7651
20795
31724
10284
31725
10286
31727
31729
21217
21218
3923
76
3925
3928
28495
39423
46152
24760
24764
31492
42420
31494
14256
31497
42425
42429
3691
3695
10527
39192
3699
39198
45971
28734
35463
42191
18223
28739
42199
10290
80
3937
46161
35700
14261
24777
14266
42437
7901
10532
7906
4125
28740
45983
35471
28746
28748
28749
35477
31741
7678
31749
93
3941
39440
46171
24782
35710
35713
42441
24786
25202
35717
42448
25208
10540
10541
35482
18241
35485
18244
18245
46413
35489
46419
14511
21241
14516
3951
3958
3959
46181
24794
24796
25211
42453
35727
35729
42457
10553
18253
35497
35498
35499
31760
46429
7690
31761
14522
31763
21251
21253
8116
46197
14293
25222
14297
25225
25229
10562
7935
4153
4154
28773
28775
28777
39704
46433
39708
31770
31774
14534
21267
21269
3976
39477
39478
18501
42470
25230
42473
35746
42477
7942
21501
21502
10575
21505
46441
39715
18276
39719
46447
29207
29208
14541
21270
14545
31786
21274
8137
10813
10814
3984
4402
39485
4407
4409
18511
25241
25244
35757
10580
7955
21515
21516
7959
4176
11008
28791
28792
29210
29211
28799
29213
46454
29216
31790
14550
21280
14559
32214
8144
32217
3991
3992
3999
39498
42490
35767
18527
35768
10591
7961
7964
21525
39731
39737
18299
46468
14560
14562
14563
42733
42736
21297
4421
4424
4427
18530
35771
18533
46705
7970
21531
11022
11023
4194
4195
21538
4197
39744
29235
39748
29238
46479
14571
32232
42745
25508
10841
4430
4431
4436
35781
35784
46711
46712
7982
21540
11036
39751
46483
46488
29249
32240
15000
42756
42757
8175
32246
8176
10851
8177
15007
15008
32249
4443
4446
18551
36210
46726
25288
7990
14820
36218
14825
8412
39761
29253
46497
29259
8181
32254
15015
8188
10866
10869
4455
4457
46730
18567
11052
29262
39775
29263
32261
8191
18807
8197
32269
10875
4462
21805
4463
46744
29509
21570
14848
11063
8437
4705
39788
29279
25544
25547
42788
43205
15037
10884
21813
10889
11306
18583
29514
46755
29517
14853
21581
14857
32512
32513
21588
11077
4714
39796
25550
42794
15041
25556
25557
42798
25558
10891
43218
21821
21823
10897
11311
11312
21827
11314
46762
18595
29522
36252
18599
46767
36255
36258
11081
14869
32525
8455
22013
8457
22016
22019
4723
4725
18833
25561
32291
18835
25563
32294
32297
11323
4496
46771
29532
36261
36263
29536
46778
14873
14875
25804
22020
8463
8464
25807
11097
25809
32537
11099
32539
4735
18841
25573
43231
43233
43236
15069
8701
21847
8708
46780
46787
19038
47207
25810
14888
32544
8474
15309
4740
4741
18853
25582
15071
43243
43244
26009
11343
21857
8717
11349
46792
46797
47215
14891
1209
36288
36289
19049
32550
14897
8482
8483
15313
32554
8484
25829
32559
15319
4755
4758
15080
18867
43250
26011
25599
15087
21865
8724
1210
36295
29568
1218
47226
25830
8491
8493
32564
15329
22058
4761
18872
36531
18879
29807
26023
29808
15097
21870
26028
8733
32804
8735
32808
1221
1223
47230
1225
29576
19064
25841
25843
15331
25844
32572
15333
22062
32576
15337
4770
4772
18886
18889
19304
43273
43274
19306
19307
43276
21881
43279
11370
32810
21884
8741
8742
11375
22302
22303
8746
22304
22305
29582
1232
29584
47240
1237
29588
47244
29589
1239
47246
47247
32580
43516
22076
4782
11617
11619
5205
5209
18893
29820
18897
19311
43280
43287
19319
11384
32827
11389
32829
22319
29597
19085
19088
47257
22081
43522
25868
32598
33012
33014
33015
33017
33019
5215
5216
19320
29834
29835
19323
26051
19324
43297
11393
22323
32836
8769
19091
47261
1256
25873
25874
43530
36804
43532
22092
43533
15366
33022
15367
36808
22097
11633
5223
26060
26061
36574
19333
36576
19339
8770
8771
8776
15606
15371
43540
43541
25886
33030
33031
15378
11642
29852
29853
29854
19342
19343
1508
37002
47517
22343
32858
32859
1275
47282
47287
47288
43550
25895
26310
36829
43558
33046
5242
11659
5247
29863
29865
47529
32861
8794
40010
22355
47295
47297
15390
36832
15393
26322
33053
36838
26326
43569
11662
11664
5251
29871
1523
1524
26090
19368
47537
47538
15632
22366
22367
40023
43808
1298
1299
26331
36845
26333
19606
26337
26339
33067
22604
5264
47544
37033
15641
43812
32885
15646
40030
43819
9236
40039
5502
5505
5508
43582
43585
19617
44001
43588
26348
43589
11680
44005
22614
11687
22615
11688
22618
5276
5279
29892
19382
19386
15652
43824
15657
22386
40042
33318
11922
11926
5512
26351
43592
33080
26354
33082
19627
36868
33083
19628
44014
33089
44019
22623
11697
12115
1551
19390
1556
37050
19396
37051
37054
47569
37058
15661
43831
22391
43833
33321
9250
40051
15668
9255
11930
33328
40057
19631
26363
33092
26365
19639
44023
26369
15901
15903
44029
22634
22639
1563
37061
37068
15671
43840
43841
33330
15676
26604
40060
43845
5533
11949
1800
1801
36880
19642
36884
19644
26372
1807
1808
19648
37304
37305
37309
44039
22644
9501
22647
9503
22648
12135
210
47580
211
1574
1575
1577
37070
37071
47589
37076
15682
43853
9270
43855
40071
15688
26616
9275
9276
16109
5541
5546
5547
5549
1814
19654
19655
37310
44044
37319
15922
9510
12143
22657
40318
1581
1582
220
1584
37081
26621
43865
26625
43868
16114
26628
11963
5552
1824
19665
37320
26397
26398
44055
15930
44057
22663
15935
22664
12153
232
1596
2012
19900
26633
33361
19906
16121
26635
19909
16125
9296
40098
11976
5568
1835
19675
19676
37332
37334
22671
15944
40333
12165
9535
40336
5803
5806
246
2026
19914
26642
26649
44304
16137
11982
16139
22911
44308
11986
12401
22915
5573
12405
1841
22687
9545
33617
33618
23106
33619
12179
40348
5812
250
5817
5819
2036
43891
43892
16141
11990
44315
22921
12414
6004
1850
1857
22693
22694
12182
33626
40354
9556
12187
23115
2042
5828
267
2048
19930
19937
16154
33395
44324
16158
16159
44327
22931
22932
5590
22934
5593
12425
5599
6013
6018
502
1866
507
509
44094
44095
26900
33631
9561
33632
12193
40362
33635
40365
12197
40366
33638
12198
40367
9569
2050
16162
26677
44333
16167
16168
44337
12438
9808
1870
1873
37370
1878
26912
9570
26915
33646
9576
26919
2061
5846
26681
37611
16171
16172
44341
16175
37616
27104
16178
37618
16179
22953
12442
22956
40612
40615
12448
9818
6035
6038
520
522
2302
528
15992
37389
15995
16410
9582
23140
23142
16419
23148
5851
2071
297
2076
299
2079
19961
26691
44355
44356
27115
27117
27119
22965
40621
12454
12459
6043
6045
30118
1896
37390
2312
1899
37393
537
37396
26930
26933
16423
33664
16425
5868
19970
19974
37631
16191
19977
44360
33902
33903
40633
33907
12469
9838
40638
6057
540
2320
2327
33670
33672
26945
33674
23162
33676
23163
16438
23167
12703
2092
2095
2096
2097
27135
22980
27138
22983
40640
40641
12474
9843
23401
40642
12475
9844
12476
6060
30136
553
555
2335
2336
2337
26955
33686
16446
33687
23174
26959
44615
12710
6302
5889
6308
37652
19998
44382
44388
22992
40651
22997
9855
33926
33927
6073
30144
9859
23417
40659
23419
6078
2340
565
2349
26962
16451
23181
23184
34116
34118
12723
5897
800
806
44390
807
37666
27158
33933
23422
33935
23423
6081
23427
6088
2350
37902
23190
16463
44632
37904
26979
34127
34128
40900
34129
40905
40907
37671
817
37673
37675
37676
37679
27167
16700
16704
9878
6094
30167
30168
588
2366
2369
26983
44642
44644
16478
27406
44648
27408
40913
30402
12748
30408
822
2601
27170
37684
37685
27175
16710
33951
38108
40680
38109
23447
2372
2374
26991
26995
44651
16484
44653
44656
34144
34149
12757
6341
12759
30415
30418
6348
830
2612
2613
837
37695
2619
27187
23451
30180
16725
16727
23455
33968
40696
30184
16728
41112
41113
23458
41114
37934
34155
34158
40930
40937
2621
2626
2628
2629
27196
27198
27199
38128
16736
16739
41123
23469
41125
41127
2392
27433
37946
37948
34163
27435
34164
34166
34167
30430
12775
12779
30434
30435
30439
6369
856
38135
44911
44912
44913
33988
16748
34404
23478
23479
41134
41135
41136
6601
6603
27441
37954
34170
34173
37958
45101
45103
27449
45106
40954
23713
30443
13206
13209
860
2642
2645
38142
38145
33990
44920
44922
44923
41145
44691
37965
27455
27457
34187
45116
45119
30452
13215
23728
30458
30459
6389
38153
23490
34420
23494
23495
41150
34424
44938
41158
6622
6625
27461
37976
45120
45121
45124
34197
34199
40972
30461
40976
6392
23735
30465
30466
30468
30469
882
2667
16771
16774
34430
16776
27704
27706
41162
27708
30700
30706
6636
30707
2902
45132
45139
13235
13237
41409
897
38175
38178
16786
44954
41170
16788
17202
34444
34445
44958
17205
41174
30711
20201
20202
30718
38411
37997
27489
40991
13240
13241
23757
41413
40999
41417
2685
3102
3106
38185
3109
44960
16793
44962
16798
34453
27726
34455
27728
41184
34457
34459
41188
6655
30726
27490
27492
45154
27499
41420
30493
41421
41423
30498
41425
13259
2690
3112
3114
3117
44972
44973
27732
44974
17221
34462
44978
27738
30733
20221
6664
6666
20226
38431
38433
45161
45167
38439
13263
34704
41433
3120
3122
6908
3126
3127
17232
44988
17236
17237
34479
30743
6679
20239
2941
2945
38447
45175
23780
13270
41440
23785
24200
23787
24201
34715
23788
24203
34718
24209
3134
3135
3139
27750
34483
45413
44999
34488
30750
20241
6684
13514
30755
13516
20245
13518
20246
20248
38452
38454
45183
45188
34721
23795
41451
34724
13284
24213
24214
34729
6925
6927
34491
27768
34497
17259
13521
7110
30768
7115
2963
38462
45194
38469
45197
45199
13293
41463
24223
34739
41469
6934
6935
6936
3152
3154
17265
27779
17268
30771
41700
20261
30776
7125
2971
7128
2975
2979
38474
38477
17500
17502
24232
41473
34746
17506
17508
41478
17509
24237
6942
20500
20502
3164
20507
27784
17271
45440
45442
45444
38718
28206
41710
30787
20275
7131
31203
31204
2985
3405
3407
3409
17513
17514
24242
24245
34758
20510
6952
20511
3171
6956
20516
3173
10004
3178
17281
38723
27797
45454
27799
28218
13550
13551
20280
20281
41721
41723
31211
13557
13559
41728
20289
31219
2993
2994
3412
2998
3419
41493
41495
17529
41499
24259
3182
10013
6968
10014
3188
38731
17292
38736
17296
17299
41730
13564
20293
41737
41739
31227
7157
7158
3420
3422
3425
3427
24260
17532
17535
34776
34779
45708
24269
13801
6972
13803
3190
10021
13807
3193
10027
45475
28239
13574
24502
31233
7163
31236
7166
31238
3432
3435
17542
34786
17546
17547
17548
34789
45717
35205
24279
13810
20541
7400
10032
7404
10035
10039
45480
28244
38758
45487
45489
41750
24511
31240
24513
41754
13586
24515
31244
41758
24517
31246
7177
31248
3441
45720
45721
17554
24283
17557
35213
17559
35214
24289
13824
7413
7414
7416
7417
38762
45497
45499
41762
24523
13598
7182
31253
41766
31254
17560
17564
24294
35222
35228
13836
7423
7424
7428
38770
38775
14020
41774
17806
14023
7197
14028
20806
20808
3467
17573
17574
45742
45744
35232
35235
28507
35236
28509
13841
20572
13846
20574
7439
3702
38785
39201
28279
17813
24543
17816
41786
17818
42204
14039
10303
20816
3474
3475
3476
3479
35240
17586
18002
17589
45758
18005
28518
13852
10071
31512
7442
31513
20588
21007
38790
38793
38794
41790
39218
41791
31280
41793
14042
24556
24557
24558
42213
42216
42219
10310
20825
20826
20828
3486
10316
28520
45762
17595
35255
13860
18018
20590
31520
13865
7451
20595
20598
7455
21015
7457
7459
21018
3722
3723
28296
31290
17837
24566
42222
24569
14058
20832
3490
10321
20836
10324
28531
18027
35269
7460
24804
21023
24808
39237
17841
24570
17845
42230
14063
42231
17848
24576
35503
35504
35505
35506
42235
14067
42237
20842
42239
7701
10338
7707
35271
46200
46201
18034
13880
46204
13881
13882
24810
14309
39240
39247
14071
35513
17859
25002
25004
35517
42247
25008
7711
20857
10346
45792
18042
28556
46213
35287
13890
18047
46215
3756
39251
39253
17863
24591
24594
42254
42255
35528
14089
20863
10356
18050
28567
28568
18056
24832
7490
31561
31563
7493
31566
14328
21058
39264
39268
14090
28804
14095
25022
35537
25026
10361
20874
7731
31802
31805
7735
7737
28573
18062
28575
46233
39505
14331
31574
42502
21064
21066
14339
21067
21068
10600
3775
10609
39273
39275
39276
17880
42274
25036
20883
10371
20886
31816
10378
21308
28582
18071
46240
39514
29006
24854
42511
21073
24858
42513
32001
14347
14349
21078
3780
3782
39281
4204
4209
39288
17893
17895
25040
18314
28827
42285
25047
31820
25049
10383
20896
7753
10389
31829
28590
39522
39524
28599
29013
29017
46259
31590
24863
31591
31593
14352
21080
14353
21082
24867
24868
42523
14356
21084
31598
31599
14358
21086
32014
21087
10621
28831
28833
35563
28836
31832
21322
10398
7768
39533
29021
18095
39537
18099
46268
14361
21090
21091
14368
32023
21097
42538
32029
10635
28843
28844
35573
25062
35576
18336
46506
46507
25069
31843
21332
31848
39541
39546
29036
29038
14370
24885
14373
24889
25303
42544
32032
35818
25307
42548
4230
4232
4234
4235
46510
18342
46511
28856
35585
46513
18348
46517
25078
25079
31852
31854
7787
14619
7789
21347
21348
8207
39552
39556
39557
46285
39559
46287
14382
35822
25313
32045
32046
32047
32048
10657
4248
28863
46521
28866
46522
28867
18356
36012
46525
36014
21353
8210
21359
8215
29050
29055
42566
14399
42567
25327
10660
10662
10663
4252
28871
46534
36021
25094
31871
21361
21363
14637
42806
42807
42808
10908
29064
29068
29069
18601
35847
18609
42578
25338
42579
10673
21600
10678
21608
28885
29300
39813
28886
39817
31880
31882
32303
42817
32308
8238
10913
8239
10915
10917
39583
35850
18611
35852
25341
35856
18617
32074
42587
4271
11101
4272
11104
21618
46550
46553
36041
18388
39829
46557
36048
21382
14656
31898
42826
32314
8244
4514
29085
25350
25352
18625
18627
35869
25357
42598
32089
43017
10694
21626
36051
36052
29324
39838
46566
14660
14663
14667
14668
21396
42837
21399
4529
35870
25360
46801
18637
25365
46807
43026
21633
11121
14906
4291
29336
36066
29338
42840
25600
42842
14677
8262
25607
10941
10942
4531
4533
4538
35880
18641
43032
36305
14912
11131
11132
14917
39851
39852
39853
39854
29347
47007
14687
32342
8272
42857
8274
8276
15107
8277
32349
18651
25382
36310
35898
36313
18658
25389
36318
36319
43048
21651
14928
8519
29350
46592
36080
36081
46596
29355
36083
47011
1006
36085
36086
42860
42861
32350
15112
25626
15115
32357
32358
4558
18661
25390
18663
25392
46833
43050
25397
43053
36327
14932
14933
14934
43059
21663
21665
21668
8526
39871
39872
1010
47024
36098
32360
42874
18905
15121
15124
8295
25639
32369
8299
10978
4567
18672
46846
43063
36339
14946
11166
4801
39880
1020
4807
1028
47034
47037
18913
47039
32372
42888
25649
10981
32378
10982
43306
10986
11403
11405
18681
46851
36342
19102
29615
36343
43072
43073
19105
14951
21681
11174
14959
21687
21688
8544
22104
22105
32618
11179
4812
29382
4818
47040
47042
47044
47047
25651
32382
25656
42898
25658
15146
25659
32387
10992
21920
21925
11413
4584
4585
11415
29620
36350
29623
46865
19112
36353
46868
29627
29629
14960
36359
43088
8550
8552
11184
22111
8553
22112
22113
11186
32629
29390
1041
4826
47051
18930
18933
25661
15153
15156
15158
43328
21938
5010
21939
11427
36362
19122
43091
43093
14970
43096
19129
43099
11192
25905
11193
32634
32637
8568
8569
47060
47064
1058
47066
15160
25673
15162
15163
36603
25677
15165
43334
36607
21942
11431
8802
8803
8804
8805
5023
11439
46881
19130
29644
46888
14983
25911
32645
32649
15408
8578
1060
4846
1067
1068
18950
18953
15172
36613
26101
15174
36615
43343
26108
21952
11440
11442
11445
5031
8816
8817
5035
29652
46893
29655
47310
46898
36385
47312
29658
46899
36389
25920
15412
15414
25927
8585
32656
9003
22148
9004
22149
47080
4859
18961
47089
25694
25695
15189
11451
21967
8827
5048
1310
36390
29666
47323
19159
25931
8591
15423
25936
32666
25939
22158
4864
1080
1081
4866
29903
29904
43360
15192
18977
15196
26127
8831
32903
8833
21978
32906
1324
29677
1329
25943
25945
32674
4870
11701
11702
9029
4874
29915
43372
29919
19407
19409
21985
8842
22400
21986
32914
8843
22401
32916
5061
5063
11479
5064
1332
29683
29688
25951
32681
25954
32682
43610
43611
43612
15446
32687
9031
32689
33103
33104
33105
43619
22179
33106
33108
4881
4884
4885
4886
5307
18990
18993
43381
26140
19417
26146
21990
19419
43388
21991
21992
11481
21994
11482
8852
22410
5072
8857
32929
5074
5079
19180
1344
29695
47353
47354
19187
22180
15453
43621
43622
22183
43623
25968
9043
11723
5316
29930
19424
36665
43393
36668
36669
43398
11491
8863
8864
32936
5082
5084
5085
5087
1350
1353
19192
19193
1355
47361
47362
1357
47364
19197
47365
25972
43630
15462
43631
43632
43634
11735
5321
11737
5323
5327
5329
36673
26163
29949
47604
47605
26168
32940
26169
22430
32945
5090
32948
8878
47375
15470
36910
25987
36915
43645
15477
9061
9063
9064
11747
5339
29950
29951
29952
36682
26174
36688
47618
37109
15716
22444
32957
15717
40100
8888
9302
22448
22449
9307
9308
1370
47380
25990
25993
36921
43650
15482
36928
9073
43659
9075
9078
5347
29964
29965
26180
26183
19456
1619
37115
26189
37117
8895
15725
9310
40111
9316
9318
1381
1383
47395
47397
15494
9080
9081
9082
9084
26427
43668
43669
26429
11761
11762
9088
29972
1622
1623
47630
29977
26192
1626
19465
19466
29979
1629
47639
32971
22462
43908
9326
40128
1390
1399
19702
19703
9090
33162
43675
26437
26438
33168
22704
11777
5362
22709
1633
47641
29987
19475
29989
47645
47648
47649
37136
37138
32987
9331
33402
40131
15749
9337
40139
5604
26442
33172
19718
26447
44103
11782
44107
44108
12203
5374
5377
12208
12209
47651
19483
47653
37140
47654
19486
1648
29999
37141
32994
33410
33412
33413
43929
9346
33419
9349
40149
5611
5612
19726
26454
19727
26455
43696
33185
11793
11794
22727
19490
19493
47669
43931
43934
22495
33424
22498
40153
33427
9358
40157
40158
5622
36970
36971
26461
26462
36976
19737
19738
36979
19739
33197
5391
22735
22736
12228
5399
301
302
1668
37161
37163
47678
15771
15772
43940
26701
43942
43944
26704
33433
40161
9363
19742
36983
1905
26471
37401
1909
44130
26478
40401
12234
12235
22749
9605
9607
9608
40409
1672
310
47682
47683
47684
316
318
37179
43951
40170
40171
40172
40173
33449
5642
26482
37410
37412
36999
37416
37417
44147
40410
12243
40412
40414
12249
40418
40419
1684
323
37184
37185
43960
15794
15796
9383
9384
16216
16217
33458
40187
5652
37421
19768
37425
37426
44155
44156
37429
12256
9625
9626
40428
1691
1694
2118
43970
26731
9390
33463
40192
26738
33467
5660
5669
1933
19773
37430
19776
1938
19779
37435
44163
44165
37439
22771
12264
9634
12266
9636
12269
340
5902
5908
33472
43985
16232
33473
43987
26746
33474
44404
44405
33478
16239
5677
19783
1946
19788
37446
44174
22780
44178
12271
33713
9644
40443
22789
5912
352
353
2130
354
2137
26752
43999
16247
44415
33489
5682
5683
12515
5687
6101
1950
1953
1957
37450
19797
37452
37454
37458
22793
22794
9651
9652
9654
40455
12288
5922
5924
364
2143
16251
16255
16257
33498
16258
16259
44428
44429
12522
5695
5697
1963
1965
604
44191
37464
44193
9665
33736
40464
9669
40469
23229
5932
5937
2153
2154
2158
16260
26774
37704
37708
40708
9909
6129
1974
612
613
37471
1979
9670
33742
9671
40470
40471
9674
40474
16507
23235
23236
2162
386
2163
2168
26780
26782
37710
26783
16271
37712
37713
26787
27203
44445
27209
12544
30202
30206
6136
620
1984
1986
33751
23240
33754
40484
40485
9687
23246
5951
391
5953
5954
394
5959
399
2177
2179
16282
37723
26798
27213
37727
27215
37728
44456
40720
40721
6140
40724
30211
30213
12559
6145
30219
1997
2411
635
2412
2413
37497
9691
9693
33767
9697
16527
23257
40498
40499
37733
44462
27223
44464
44467
12560
9930
12566
9935
30224
30225
6155
30226
643
646
2425
2426
2428
23260
16534
16536
23268
23269
12800
12803
2192
2193
2196
37745
44475
44476
44479
40741
23506
6165
23508
651
2430
656
2434
658
659
2438
16540
16543
44712
16546
44719
34207
5980
5983
12814
12818
6404
6409
44482
37756
44485
27245
27246
12583
23513
12587
6171
6177
13008
660
13009
2442
2444
667
2448
2449
33792
44721
44722
23282
44723
23284
23286
34213
23288
23289
34218
12822
12825
12828
5999
37763
27250
44492
27253
37767
27254
37768
27257
9961
40760
9962
12599
30255
13019
673
2450
34220
34221
16566
34222
44735
23297
34225
34228
12833
6421
6422
6427
911
37770
27260
918
37774
919
27263
27264
37778
27267
27268
40773
6192
30263
13023
9979
6198
688
16570
34233
44746
16578
44749
30502
30508
37780
924
925
37781
927
38204
27279
9986
40787
13036
30279
691
692
694
2475
27510
44751
44752
27515
44756
17003
27518
12857
20000
20006
27281
23550
9994
9995
23554
40795
41210
23556
41213
41215
41219
44760
17010
27523
27525
44766
44767
17014
20010
12869
20012
30525
6455
6456
20016
949
38227
16831
30290
16836
13053
16839
30297
2497
2499
44774
27534
17022
34264
44778
30530
12875
23805
23806
30535
23808
23809
30539
950
951
952
38231
38236
16844
41233
34508
41239
44780
17030
34275
45203
17037
30540
6470
13300
23813
12887
23814
12889
20033
30546
20034
2744
968
2746
16850
34510
23583
41241
13074
23587
23589
24006
6710
6712
6716
27552
27553
17041
44795
27555
17045
45214
34288
23821
30550
23825
23826
20041
20049
2758
2759
38258
16863
23592
13081
23597
23599
24013
13088
34529
6728
45220
27566
34294
27569
23830
6490
6492
23836
6493
23837
30565
23838
13326
13328
6498
13329
2760
985
987
2767
38264
27803
13091
27804
24027
41269
6736
27576
17065
17066
45236
17069
30570
20061
13334
20063
30577
20069
995
996
2774
2777
2779
38275
27813
41271
17306
17307
24035
41279
24039
30814
20301
20302
30816
6747
20305
20308
27583
27584
45241
38514
45242
45244
38518
38519
28008
30583
23856
20072
41513
30587
31001
20075
20076
41516
2780
2781
31009
38282
3207
38287
16892
34551
34553
16898
27826
24042
27828
17316
34559
41288
24047
24048
6753
20311
20314
20316
17082
27595
38523
17083
45254
45255
45258
23863
13352
41522
23867
31013
20086
31016
31019
2796
2797
38291
3213
2799
3217
38298
17323
27839
34568
41298
24058
24059
20321
30834
20322
20323
30837
30838
20327
38534
17098
45266
41532
23879
31021
34806
13368
41537
3222
3227
3229
27843
17336
17339
45508
30840
30841
30842
13602
30844
13604
6776
30847
13608
20336
38543
45272
45275
45276
28037
28039
13373
23886
31030
24303
41544
41545
3237
24070
34588
17348
35003
35004
45517
24078
30852
20345
6788
7202
38553
45281
45285
38558
38559
23891
13383
23897
13384
41552
34825
41557
31045
41558
31046
27863
34591
34592
45521
17354
45527
45528
6791
20355
13629
7214
38563
45295
38569
34830
34831
24320
24321
31050
34835
24324
24325
13399
38803
45533
24094
27879
45534
45537
45538
30870
35027
30873
41800
35029
13636
30878
7223
28062
34844
31060
17605
41575
17609
20600
20601
3263
27883
17372
27886
27889
35033
28306
45547
30880
45549
35038
13643
20371
31302
7233
31304
41818
41819
7238
3500
38580
3503
38582
38589
39005
31070
17616
24345
42001
24348
31076
31077
42006
20613
20614
10106
10109
27890
38821
17382
38822
28314
30891
35048
41820
35049
30895
30897
31311
7241
13657
20385
41826
13658
31313
20387
31315
7248
7249
3512
3513
39010
3519
34860
39017
41592
24352
31080
17625
41597
24357
24358
42013
31087
20620
42017
3284
10114
17393
45561
38834
38836
17397
38838
35053
20390
35059
13663
20392
31320
13666
7250
20395
13668
7253
31325
7256
28092
39020
28093
39025
34872
45800
17633
34875
34877
17638
45806
31096
31097
13901
42026
13902
3291
20636
10124
3295
10125
10127
38845
45573
35061
38847
45575
28336
28337
28338
13671
41842
13675
31337
3530
39032
39035
24371
34885
34887
17647
34888
17648
35303
42033
42037
7500
7504
7508
38850
45584
28344
35073
35077
24611
41852
46009
13687
24616
31344
24617
31346
7278
34891
39049
24380
17654
17655
45823
17656
34897
34899
45827
24389
13926
7510
7516
38862
45592
35081
46011
35085
28358
13691
13692
46017
46019
24622
14110
31352
7282
41868
7285
3558
39051
45832
35322
45835
42052
42053
13934
20665
7523
20669
38876
35091
35095
46026
24632
17906
7291
24635
31365
20909
39063
17672
39069
35331
35332
42060
45845
35333
35337
35338
42068
42069
7533
20678
31608
7539
3802
3805
38884
39303
28378
46034
46036
24643
31371
14132
42302
14136
3570
3571
20914
20915
3574
20918
10408
3579
39074
39075
39077
39078
45850
17682
39079
28616
35347
42076
13953
18109
42078
13954
20683
13958
21100
10174
10175
7546
3810
3815
38896
3818
3819
38898
46041
24650
24651
17925
14142
31384
14148
42318
20922
3581
3584
3587
10418
4002
4006
39085
4007
4009
28620
45861
28621
45866
42083
13960
13961
18117
42087
13963
31620
13968
10184
20699
46056
14150
17935
31392
14158
42327
42328
3591
20934
20937
39090
39097
39098
45870
28630
42090
35363
28637
35365
13971
13972
18129
10191
13976
13978
31633
21121
21122
10195
31638
39335
46065
46069
14160
14161
17946
35602
35603
14163
17949
35605
14165
35606
24679
35609
10430
10432
10434
4025
4026
18131
45885
28645
18135
18138
31641
31642
13988
31644
7573
21131
31649
14409
46074
39346
35611
35613
14173
24686
35614
14175
25104
25105
42346
14179
7812
7813
4037
45890
46310
18142
46311
35386
35388
13992
24920
13997
14411
31653
24926
31654
14414
31655
31656
8000
3851
3852
39351
46086
17962
17965
42350
42351
35624
25112
42357
20961
25119
7827
4045
35390
18151
28666
28668
28669
18157
18159
7590
7593
14423
24937
31666
31667
7598
8015
8019
3864
3868
46090
46091
46092
39366
46095
17970
46096
17971
17976
14193
17978
28907
28908
28909
42366
25128
31900
20977
31907
4052
4053
4056
28670
28673
18164
24942
24944
31673
31674
14433
21164
24949
14439
8025
21169
10701
10703
3874
39371
28911
35640
17985
28913
18403
35645
42374
21400
7843
10477
21408
28680
29100
28688
46344
24950
31680
21170
21171
8031
14447
21176
8034
42619
10712
3884
4303
39384
4306
28921
18411
35653
25141
25142
42384
42385
20995
21411
31926
21414
31927
7858
28690
18181
28696
46351
29112
46353
28698
28699
42623
24968
14457
21185
42626
21186
31699
32114
8044
32116
32119
3898
4318
39397
28931
42390
18422
25150
18423
42394
18425
25158
7861
7862
4083
18192
46363
46364
18196
46366
24972
42630
14462
42633
24978
8050
24979
42635
35908
14469
21199
4323
4329
35670
35671
35673
46602
25166
14700
31942
14702
21432
31945
14709
39643
46376
14470
29139
24987
42644
25405
32134
10743
35683
46611
18443
28957
18445
25174
36102
18447
36103
36105
36107
36108
36109
31955
7888
14718
8306
39651
29145
46387
24991
35922
24996
35924
32141
35926
24999
42655
14487
8072
8073
25416
25418
32146
32148
10751
10752
10753
10757
4341
18450
35693
18453
25182
28969
46625
18457
18459
46627
21452
21454
8311
14728
8317
46399
42660
42661
14493
32150
25423
42665
32153
25426
35939
10760
28971
28975
39903
18463
28978
36123
39908
18469
31976
31979
42906
42909
21469
39672
39674
29163
29165
29166
35941
25431
32160
8090
35947
35949
8094
42679
25439
32167
21700
10774
28985
36130
46645
29405
36134
39919
46647
29407
31980
42910
36139
21470
31984
32401
21474
42917
32405
39682
4604
39685
29173
39688
18710
35952
18713
18716
10783
21712
21713
10786
10788
10789
11205
4376
28991
18482
28997
29412
28999
18487
39928
46656
29417
36146
21480
14756
32412
31999
32416
21489
32418
4619
42691
32183
35969
10790
32189
10792
43118
10799
4383
39934
36151
36152
39937
36153
29426
42930
42937
32429
4622
29190
4625
29197
18732
25465
43120
35979
18739
46908
43124
11224
11226
46671
39944
39945
29437
36166
36168
42944
14777
14778
14779
42948
8369
4632
4635
4637
46910
25470
25471
25473
46913
43131
46919
21749
29440
39955
47103
14787
32443
15203
8374
8377
32448
15208
4649
18750
18752
46921
25484
35997
36413
18759
46929
36417
11241
11242
21756
11245
11246
21759
39962
1100
36181
47110
29459
36187
14791
14792
25721
42963
25724
8385
25729
32457
18764
46932
25494
36421
18767
43150
25496
46936
25497
25498
46938
36427
21760
21767
39970
39973
39976
1114
1116
29468
47125
32460
15220
32466
8395
42979
8396
8398
4664
18770
29705
43163
36437
43168
21776
8633
32705
21778
32706
32709
