49783
8659
20180
19622
24145
2745
45379
12841
3045
11299
2864
100
5943
11392
25802
10166
18915
16509
36274
45846
21892
11419
16701
10223
31339
12791
23403
30907
39002
37438
17873
838
38630
22148
36323
26047
38832
37802
5070
19416
3641
36739
32802
24460
21231
43761
38709
3053
628
14400
27467
25791
5177
29011
12605
43778
37463
44676
43457
26519
4201
18864
23664
46712
14468
2215
38355
17370
25392
37461
45685
44081
8669
43579
9090
11340
50699
13245
37220
29871
49676
26059
40699
33430
32905
938
873
22117
38804
44765
2546
50082
34737
16326
29996
17554
46107
13067
50335
33934
46247
39112
39079
50770
15212
36393
50232
45309
14056
35877
2868
15087
47046
38203
36229
41691
11686
20015
23319
35894
30928
352
47953
33612
7067
23486
1310
24467
50325
33729
49165
36530
16502
25717
42368
2326
48409
39690
18891
42218
16770
46326
20456
24539
26310
23423
48921
45419
24612
44963
16139
42442
34702
47430
28110
31512
37736
9243
12535
13702
28786
49704
19668
50715
13718
39430
15187
38394
6305
48001
12455
7577
33751
45887
28381
6911
15728
44862
24466
51549
31308
38983
41348
2119
38156
50977
49611
37320
6198
25475
8571
40596
16687
50452
30097
25744
31592
1969
35710
209
39571
5290
41659
49774
24099
15222
41900
25933
28843
20991
2700
30767
23900
28012
10382
21520
16921
2002
8782
25680
9056
36892
48390
6473
49732
51873
47992
42144
28673
36572
39544
10046
38568
3817
15481
4183
29653
4436
35020
21392
20861
23855
44818
20648
5493
12958
9082
8059
7400
41992
12252
46788
7410
10607
51512
6555
7514
3429
21380
14203
41214
8527
2600
28178
34248
3034
30919
47469
45731
12630
51674
36884
9635
766
23606
3826
43786
39239
23418
40111
34019
43223
10313
37286
32900
36723
10071
37316
36369
20512
11209
13012
48319
36970
2021
16317
8452
28466
34481
46470
28585
27801
50334
28293
8334
22520
50265
48820
12755
31733
35578
52041
44007
26540
30671
36519
1520
43444
37430
19992
39313
13437
50570
13341
361
8906
36741
18818
29132
52477
4837
31197
38823
31840
23054
35479
25997
20853
21637
19227
13909
31595
17572
28523
4971
30145
27868
31884
45980
30385
9334
44044
20562
40166
22469
26352
50059
