19964
5714
646
5656
1071
976
11731
1355
362
12685
19503
8406
4835
11782
13340
2323
1149
6957
10320
12436
21547
11674
16566
16139
754
18634
21242
8219
15834
7131
16230
10089
18013
8684
8498
1689
4281
21697
21330
19544
18526
324
9966
14129
14104
19239
14667
12362
2921
16746
20011
4826
14050
7119
15711
12034
20579
121
9248
15917
13039
5712
8154
7885
21984
6763
15969
3581
5213
18301
18885
21864
6907
10908
4860
12029
9870
8480
9699
10456
9452
9476
19261
179
13929
18917
21618
20725
18565
11314
12897
8718
17292
1012
2715
16390
16974
14039
14376
12681
14048
8050
6396
21964
3328
14124
10759
1705
16672
2039
16149
14517
16003
1785
14527
2935
17500
9472
1545
14934
