1178
19105
45200
45204
45207
25103
25109
19110
42034
48409
51219
1192
45220
36042
11014
11015
25122
42041
39232
48417
39235
2646
2647
7577
14203
36058
39249
2657
31133
28328
28329
31139
45243
36063
17402
20218
20219
43504
25141
48430
48432
51242
51243
51245
48438
39255
42066
2665
23403
23405
14223
14228
36074
5850
36078
11040
17414
17417
17418
2677
23418
46704
31156
5864
5865
34349
48452
42086
23423
32608
23429
46712
14248
31162
46719
19173
12500
12507
17430
26615
11069
34358
34359
25178
39288
32613
29807
14253
23438
5882
35807
11075
34369
51280
48475
29813
29814
46736
31181
37555
19196
12523
49921
49922
20269
34373
34376
34378
51297
23451
29824
32635
14270
23454
28381
31197
21710
21714
12532
12535
21719
26641
26649
43560
34382
48495
15720
15728
41825
23464
40380
37576
28396
30907
18915
30909
12548
35835
43579
15737
29843
32656
14294
37584
30919
35843
26661
20292
26665
17482
26668
43580
49955
10815
24929
29855
29856
32669
23486
37595
30922
30927
30928
12564
21748
12569
325
26675
17492
15759
41853
32670
23493
29868
23499
46788
30932
30937
26684
26686
26688
49971
49975
15762
15765
15766
29871
32688
30943
12580
18956
12586
26693
35877
349
26697
4005
15777
15779
32693
29883
30955
21774
12594
352
35883
357
49995
10858
24967
41880
29891
361
35894
10864
41899
7212
21798
10878
24981
24984
18991
380
388
7232
390
4050
2315
4061
2326
8705
2336
7260
7261
28012
40006
28015
34010
34019
2353
2354
2356
2357
34028
8734
8735
23107
37212
40026
5552
5554
43210
3817
48143
8746
2376
2377
37220
40031
46405
37222
28040
40033
40034
37228
40039
5563
5566
26308
43223
34046
3825
3826
48159
32307
12200
26310
52412
34050
52419
8763
8767
23138
46422
37242
37245
37247
5580
12218
49611
34063
43249
48176
8774
41503
46435
21403
26333
17153
49623
52436
3854
3856
8782
8785
29522
41517
38709
23153
32339
23157
40075
46448
21410
18604
21418
12235
21419
52440
49633
49635
43264
34087
34089
48193
8790
50701
50707
41527
37277
30603
21421
30605
18617
26352
35536
17179
43272
34090
34093
24612
41532
50715
32350
50717
32359
23178
37286
40097
27801
30613
12252
12257
52464
43288
24622
33808
24626
46470
37297
13700
13702
21440
27813
30627
12265
17193
17194
52470
52471
52477
43299
3895
24637
38746
50739
41557
32378
13718
27826
21457
12275
12278
35560
44745
49676
16906
24647
24649
47934
32385
46491
22903
30640
30642
18651
12281
21468
35572
26394
35578
26395
49685
52498
50756
50757
32395
29587
22910
13732
30658
44765
16921
10555
16928
24660
15481
47953
41583
50769
41589
22921
22923
27856
18673
18674
18676
44772
44776
44779
24673
50770
50775
41596
41597
22930
13750
22935
30671
27863
27868
21499
44787
16943
30682
33871
24692
24698
2002
27882
10596
16969
33884
47992
47997
2013
27898
16974
2021
2033
8406
2034
22980
22985
2044
22992
22996
22997
5238
5245
5246
2068
3517
8442
46105
46107
46109
5262
5265
26001
26009
52102
3525
8452
2084
5276
26014
2091
2094
2095
35201
52128
3540
3541
8474
15100
8479
32022
32023
32025
29217
1807
46133
6735
5290
5296
35212
52133
52138
49329
3555
43
44
41214
32038
1818
6743
18300
21113
44403
35221
26044
26047
49335
9931
3560
9936
8491
24300
50402
38414
29237
30300
44411
44412
44418
26059
49344
9940
9942
9945
9948
10208
15131
60
50410
32050
32051
29246
1835
46161
46162
6764
30310
44426
49357
24320
24324
15145
71
47615
32060
41247
29254
1844
27514
18334
18339
35251
35256
52171
52172
49366
49367
3594
9968
10223
81
50435
46182
46186
6782
6787
13413
27520
21156
35260
24349
38454
32083
32085
29278
46199
36711
36712
36718
30347
27539
26098
52198
9986
9987
42714
50452
47643
41271
47645
41273
19804
13437
36720
36723
45907
27548
27549
44460
35282
9991
25802
51900
16625
51903
10256
33549
50460
15187
38471
47656
41286
38477
1882
22625
21181
36739
27557
44479
11703
11709
10261
25819
16636
42730
39923
42733
33552
47661
15197
47669
38487
31813
19824
13459
36741
36745
45929
21192
30375
27566
30376
44482
44485
44486
25825
16643
42744
42748
24389
38490
38494
38495
14907
31822
45934
45937
30385
18394
18399
20905
11723
11728
16654
33575
50492
19849
25845
16662
16664
39950
39953
39954
47696
31840
22660
22667
27598
11742
39962
42772
51956
39969
22671
31857
19866
22678
45961
20931
20933
20937
16687
42787
14944
31863
19872
19876
36795
20945
51977
42796
42798
39988
14959
8117
31873
22693
22694
45980
25880
31884
31889
25890
25893
51994
14975
14978
31895
3216
8142
8145
20987
3226
14999
8157
20991
49000
9602
49011
49017
9610
3240
3249
8175
1507
1508
6430
6433
3258
8180
6443
44106
9635
8195
8197
38111
1520
9643
3276
27204
30014
30016
27208
18028
4727
50120
50124
6471
6473
13105
30027
27218
18037
18039
44134
44136
4735
4737
4738
33216
50136
1552
6480
13116
13118
30032
27223
18041
27225
30036
27227
18048
4745
49075
49079
42406
50142
47335
50145
38156
22301
22303
6497
13124
36413
27234
16314
16317
39601
33231
42417
50150
38160
7942
7949
22313
13135
13136
45606
36426
18062
27247
27249
18066
44164
9694
9695
16326
39611
51609
42427
47351
47358
7951
1587
31500
45615
44170
25510
42431
24070
38187
1591
31512
28703
28704
28708
19525
13157
27264
18085
30078
44182
11410
4785
11419
34702
34703
16341
48813
42442
33267
7970
28710
19532
19533
45631
30083
27274
30086
27277
4794
25536
48820
42450
33272
33276
24094
33278
24097
24099
50192
47389
50199
7984
37906
28725
13171
28728
45645
45646
27282
36465
36466
30097
11431
11433
11437
16363
51647
39659
47396
7997
14624
23808
14625
14626
37916
31547
22368
36473
45657
36476
17811
34731
43916
34737
25555
39663
48846
33296
23811
23815
14632
40733
37923
34740
34746
34747
51662
16387
51666
14647
14648
40741
40748
28756
19577
19579
20646
17836
20648
17838
43932
25576
51674
39682
48866
51678
23834
14659
37945
31579
45681
45685
45688
45689
11472
43948
39690
51683
48876
23849
40760
31584
20666
20669
48889
23855
23857
37962
31592
31595
28786
43960
11495
48899
37975
28795
6100
6102
17873
20684
43974
34792
43977
34794
23872
23875
14694
37987
40799
6113
12958
714
717
718
20696
9308
23889
37995
12962
6126
17890
9315
23897
1201
1204
6136
6137
733
9321
9327
4404
9334
1228
4416
47003
6160
766
767
1241
7614
4436
9363
789
16001
2700
2702
7631
6198
22006
4459
16014
42111
39305
2717
47046
22018
5900
45309
5908
4461
4468
4469
16022
16027
39313
42125
47050
2728
1280
7654
22021
36131
5914
11101
11103
11107
16031
25215
51313
7660
47069
28400
19227
36140
5920
11114
11118
42144
39335
2744
2745
47070
7675
7677
28414
19233
31228
11122
34413
48520
39346
51339
39347
37600
14319
37602
31234
22051
19243
31238
22057
45341
5943
17503
17508
34421
43605
42166
2761
47090
14323
23508
28436
22064
31248
22067
45350
5950
11144
20328
43610
34430
16076
39360
48543
16078
16079
2777
23516
14333
23518
46800
14336
37623
46808
37627
19261
22075
45367
17522
11150
11156
34443
16081
25265
16085
51368
40441
46816
37633
22083
28458
45376
5971
45379
5974
5978
12603
12605
12607
20344
11161
20346
11165
34450
25270
51370
2792
2796
32714
29906
29907
46823
46829
28463
19280
40457
22092
28466
19285
5983
12611
5987
35902
35906
20351
35908
26727
17548
11176
25285
39399
41900
14361
46831
19290
37658
37659
45396
12624
12628
26732
17552
20363
17554
43656
25295
15817
41912
14372
23557
46845
31291
28481
28488
21811
21812
12630
17561
26745
20375
26749
11199
34481
41921
46858
21821
21824
12645
17572
409
20388
43677
15839
32750
29944
32757
46860
40492
46868
35940
35946
17585
43680
10914
10917
15842
41940
32767
32768
46872
46878
37696
21842
21844
21845
43696
10924
10926
10927
9015
9016
23593
32776
46886
21856
12673
35961
432
35964
26783
10932
9024
15866
15869
9028
32782
41966
12686
441
15873
15876
29980
29984
21870
454
9045
41988
29996
41989
464
4121
4122
15892
9056
15898
41992
7312
21892
479
10979
4137
4138
4145
9070
7332
7336
498
10992
10994
4157
9081
9082
9088
39002
2414
2415
5601
9090
39018
2421
7353
39024
7367
28105
5627
4181
4183
4187
40100
28110
45032
20001
20003
48221
39041
51039
39048
8824
14015
14017
40111
37301
37303
40117
28124
45041
5649
17202
20015
3907
39050
51047
23200
14023
37316
28138
28139
20022
39066
14030
14034
46501
37320
28143
5662
17225
26409
17227
20038
43320
43321
43327
43329
39079
23220
32409
37332
37334
46518
40146
40148
12300
5676
20046
49703
49704
49706
52517
43335
34152
3930
3935
3939
39084
51078
8863
2492
32413
14056
37341
46525
45082
12310
5688
35600
20052
49710
52525
3942
39096
32421
46533
40163
40166
28178
45097
21501
12321
12324
35614
17252
49722
43352
34177
48281
8883
38804
32432
41619
23254
32438
29628
18701
18709
44804
35622
17262
26447
52540
20075
20077
49732
52544
24705
15522
41620
15528
38811
41627
40183
28192
21520
30708
18719
100
12348
44818
17270
20082
20086
34193
34195
10607
50811
50813
50814
38823
38824
29648
29649
40190
40194
46569
27900
30713
21532
27908
12354
18728
21538
20095
52564
49754
10614
33901
24724
15543
50820
50823
38832
50828
29653
41647
23284
46570
13807
27919
44838
17291
26477
49760
17298
43391
52577
52579
10621
24733
24738
50837
50839
38848
41659
23299
46584
21557
44845
49774
49778
49779
10636
10638
33921
15560
24749
38850
38852
50849
29678
27934
27938
30749
12384
35670
26491
49783
10644
33934
24752
38863
50856
38868
41678
18761
21573
27947
18766
18768
44862
29694
30767
21584
35691
44874
35692
35696
10661
24770
24773
33958
33959
41691
30776
10675
10677
33963
50883
13869
30781
27974
30789
44897
44898
10680
50890
2105
7034
33985
2119
13880
7042
5307
33996
33998
13890
7050
7053
8508
7067
5324
8511
2144
7073
5336
8524
2154
8527
43003
43004
3608
8530
3613
3619
8540
8549
2179
46204
6800
5361
5363
43021
3624
6811
37038
37039
12008
49408
3632
3637
2194
29300
32115
29306
29307
37041
46228
6829
52223
3641
8571
15209
1905
46238
6835
5397
49420
43050
49429
3655
15212
41310
38501
41313
41314
29328
32139
46244
46245
46247
12030
44503
44506
52240
52249
3667
15222
50502
41321
38513
29330
29331
32144
32149
37071
12048
35336
35337
52258
10304
10306
38525
41335
46261
46264
27600
21231
21235
12054
44522
35346
52267
49457
3681
10313
10314
15248
38536
32164
41348
1945
46275
27613
21248
44532
49460
52274
3690
3695
33611
33612
33619
29361
41354
29362
41355
1952
6881
6886
21251
27625
21254
12076
26181
52284
16701
15269
47738
32185
1965
1969
22700
27639
35371
35377
10340
16714
10348
24453
24455
24459
38568
1973
36823
44562
35384
49493
25905
42823
33641
24460
24466
24467
41385
31901
31904
27651
11800
50570
15296
38586
1990
1993
1997
19928
36841
30479
11812
16741
24480
24486
47771
31924
19932
13561
13562
22748
22749
13568
44595
11827
25933
10382
42852
24491
47787
31936
16763
42865
33683
16770
31950
22770
31955
22773
13590
19963
13593
22777
13597
36884
36889
5015
25969
42884
8205
8207
19973
31967
22786
22787
22789
36892
11863
11865
25972
25977
16798
22791
19984
8225
19992
25995
25997
8232
31994
11890
5051
6501
5070
5079
49103
3330
5082
49113
8274
41000
29011
41005
1606
6533
5092
5094
35011
49121
49123
8284
8286
38203
41015
29026
35020
44207
49138
49139
9739
8295
50201
1620
6555
30100
49148
10002
10006
24114
24115
29042
50219
1636
6569
18120
4823
49154
9755
10017
33301
24123
47414
50225
13204
30123
44231
35053
35057
4837
49165
33318
47421
50232
47423
38241
38244
1650
29065
29068
1655
6582
30132
30137
27327
35065
44248
49176
10037
10039
42505
42507
24145
47433
47434
50248
29073
41068
1665
22400
22405
13228
27333
30145
36519
18154
44254
35079
49182
4859
49184
9780
10040
16417
10046
33337
33338
47441
1670
1671
19607
22418
36520
30154
18169
49197
49199
25600
9793
16422
42521
33348
50265
41082
38273
47458
38278
41088
29096
1685
1689
19610
13245
36530
18174
44275
35096
25614
51710
16435
16439
42533
39723
42536
47469
31610
31612
31615
19622
19629
45726
30172
30176
30179
25620
25621
10071
16446
51723
10076
10078
42548
24182
39739
50282
38293
38299
31627
22444
45731
45733
27379
44291
44292
4897
11523
34812
34814
34819
25636
48921
16458
10088
39744
24195
24196
50296
31632
28823
19646
22458
30196
36569
27387
20713
34822
34823
25641
25645
25647
33380
39754
33382
39755
33388
47494
23900
23905
23906
40824
40826
40827
22462
22469
13287
36570
45754
36572
27396
16471
16475
25659
48945
33399
14730
28843
22471
31657
13294
19668
36584
36585
20730
11553
17928
11558
34844
16489
48957
14742
14747
31662
22484
31668
19678
17934
20746
34859
16493
25679
51779
14755
40854
22490
19689
45784
45785
20753
11572
25680
39794
23943
31689
20763
17954
11582
31690
31697
17967
34880
34884
3011
23965
23968
14787
14788
28891
28894
40887
28895
807
34896
3023
3029
23977
40897
6211
9403
3032
3034
9409
23981
23983
3045
23993
23998
838
3053
9427
1310
841
6246
842
849
4500
1325
1329
6251
4510
47109
7701
6262
868
27001
27002
3085
3087
33008
7712
1342
873
877
4537
4539
3095
33015
7721
6284
36200
27023
4543
16108
42201
33025
2801
7735
6297
27038
9485
16112
9489
16115
39400
42213
33030
39404
42218
39408
33036
47144
7749
22116
22117
45406
27041
36229
2820
2821
47153
31308
22126
19319
27050
27052
45419
27059
4573
4579
11209
25312
16135
16139
39421
51416
33054
39428
7769
31316
36244
27062
4582
4585
34502
34509
51422
39430
33060
42246
2847
47178
14400
7779
14406
28510
40507
40509
19337
22148
27078
20402
11220
34512
34513
25330
42252
48625
2850
2859
14414
37705
28523
31339
27082
27084
27089
11232
43705
34524
16162
48631
39451
51445
51448
2864
2868
7796
14422
23606
22167
19357
36274
27091
20429
34530
42272
33090
33097
2875
19362
31359
22176
45467
43726
16181
25368
51462
39471
42288
2881
46911
37736
19370
28558
22186
45473
12702
25376
42292
14450
14455
40552
19381
31375
45483
20450
20451
11270
20456
43743
43747
15901
15903
15908
23641
14465
14468
31380
28571
40566
45499
21900
17654
11285
43752
25392
40571
37762
40575
31395
28585
20473
11293
43761
11299
43766
15926
32840
14481
23664
40584
37776
37779
12744
12745
505
20481
17675
43770
43778
15938
32850
32852
46965
40596
12755
26869
43786
46971
12768
26872
17694
9119
23692
46983
12770
538
15960
9129
46998
21966
26893
26897
4201
4208
32892
32899
12791
21975
12797
12798
12799
7400
1030
7405
1036
21985
564
4225
7410
1048
9166
7420
7427
7428
4248
9175
9179
7434
596
599
4253
4259
9185
9189
2511
1075
19007
5707
25002
39112
39119
1083
1085
31003
31004
19017
45111
51119
2532
8906
1093
31013
45120
5724
34202
25023
34209
48314
39133
51127
8910
48319
39137
8916
2546
14100
28214
40207
31026
40209
4292
25039
48322
48327
39149
14111
40213
37404
37408
28225
45141
45144
45148
5745
48332
8935
7499
14127
40220
14129
40225
17318
34235
48345
2572
2577
23319
46606
31058
19065
45169
5768
17322
26507
34246
34248
39171
2585
2587
14147
37430
37431
46615
46619
37438
31067
28257
31069
19076
45171
12405
26513
20142
20143
20144
26519
43430
34256
25075
39182
32511
32516
32517
35703
17344
17348
43444
34269
25087
51180
51181
48373
39190
48375
39195
8974
32521
29714
41709
46630
46632
28270
37455
40267
37458
19093
45194
35710
49821
25090
43457
43458
48382
51194
15612
15618
41715
38905
41719
37461
37463
40274
31093
37469
18804
21616
44900
44905
26540
49834
34283
43467
48390
15627
50905
41725
14182
23366
40282
46657
28293
28295
12440
30809
18817
18818
205
17370
20180
209
20187
43474
10701
15631
38920
38922
29741
23371
32556
23379
14198
18822
21637
12455
18829
44927
17380
17386
17387
20199
43486
10714
24821
41748
23386
23388
37499
13902
13908
13909
21644
12464
228
35758
17393
17396
17397
24833
41750
29762
32574
23395
23397
13911
12471
18844
12477
35769
10730
10731
24842
24845
24848
15668
29777
46694
242
44955
243
26590
35774
35778
10742
10748
41775
29785
13932
18864
44963
15682
15685
41780
41782
30869
35793
44977
269
10768
10769
38983
50977
38988
13954
30875
30876
44983
44985
50984
18891
44996
287
10781
10782
10784
10788
10789
50992
50994
50999
2206
10791
10794
2212
2215
7140
13984
13987
2221
2228
48001
8607
5420
48011
7177
7179
48025
8624
7183
37108
43101
8636
2265
5453
5454
5459
3710
48049
46302
37122
6907
17020
26209
43122
52308
3724
8659
23022
6911
5473
5474
5478
12108
49502
49503
3738
8665
8669
29402
32217
29408
23037
46325
46326
5480
12116
12118
35402
26220
17042
17045
52323
43143
3744
8671
15303
32224
32227
5493
21303
5498
52334
3750
3751
48081
48086
8680
15317
29423
23050
41417
32234
23052
32236
23054
37161
46349
18504
18505
26241
49531
49538
3769
8695
15323
15326
38615
46351
37174
37177
37178
6959
30507
18518
17074
49545
10403
3779
50612
41431
38622
38623
29441
50617
50618
29443
37181
27701
27703
27705
27707
18527
18528
35440
44625
35442
17082
17084
52361
52365
3789
24521
15340
15342
38630
29452
41448
46375
6970
18530
27714
27715
21347
44636
26270
35454
35457
43194
49569
52379
24534
15352
50631
24539
32270
32273
41458
46385
6983
6987
18543
21355
35468
52386
49577
33726
33729
41460
47834
38658
13628
36910
21368
12185
35479
49582
52393
10441
42910
10445
33739
15376
38663
38666
41477
29485
22814
13634
36923
27740
36927
18569
44665
35486
49595
10454
16827
41484
41485
29496
13643
36931
21380
18572
44676
11904
42931
33751
33753
47862
13656
21392
27765
42948
33767
50681
47873
38692
22844
13664
13666
36951
36958
18598
11928
16853
42957
47881
50692
50699
27781
36968
27786
27789
10490
42962
47894
47898
22869
13687
36970
5107
42974
33792
22879
5114
5118
16882
16887
42982
36990
36994
36996
11964
5127
5129
16897
22895
22897
11976
11978
11982
8334
6601
5165
52003
52007
3420
3426
3429
5177
49205
9802
9806
8362
8363
6625
3440
3441
15006
41104
29112
41108
46033
46035
35111
35115
49221
49223
49227
3453
8381
15010
15012
38305
46049
6647
21010
18201
21014
18205
21017
35122
35124
35127
52041
52044
8394
50301
50304
50305
29132
41128
41129
1723
6653
18213
35133
3473
47504
38321
29143
6661
21030
27403
18225
3481
3485
10119
15045
24229
50325
41143
47517
29153
1742
6678
13308
13309
35151
24230
50333
50334
50335
50338
29163
46080
1758
1759
13316
36601
30235
16502
16505
16509
33428
24246
41163
47537
38355
41166
38357
22504
6698
35179
52091
4957
4958
52093
10141
16514
33430
39804
15070
47540
24259
47541
50358
38366
1774
19702
45800
30252
44363
35180
44368
49297
9897
51800
25709
51801
16528
10156
51804
51808
39816
15087
38372
22520
13341
27453
36639
18273
44375
4970
4971
11607
25713
25714
25717
25718
16536
51813
10166
51815
33451
24271
24273
24274
15092
41190
47564
22530
28907
19724
45821
36649
27467
11611
25722
16543
42641
39838
47576
38394
50388
38395
38396
14807
30283
27474
18291
18294
11620
10180
51830
16557
51832
39842
50397
14815
31733
28925
19745
22556
22559
45846
20812
11639
25744
10195
10196
10198
39857
31742
40926
40929
13383
45854
45855
34933
25759
51852
42670
42671
42672
14833
31751
19760
45866
45868
25762
25765
39870
8003
31760
20840
20841
11666
25771
16596
39880
51873
39881
51879
8012
28962
45886
45887
20853
11678
25780
25785
51880
8028
45890
20861
11683
11686
34972
25791
25799
3106
14870
8032
31795
31799
3113
28990
40984
28996
6305
6309
20882
14892
14895
8059
912
8061
6322
929
9512
3140
9514
3144
938
9526
3159
8083
6348
44007
4602
3168
8091
1422
951
953
3178
1431
1439
4628
9556
3185
33109
38031
50027
38037
38038
38039
7819
6372
6376
27114
44037
9565
47228
6386
13012
984
989
36301
44042
44044
16206
33120
33124
50042
50047
1462
7838
1466
1468
22200
991
13021
13022
22208
27133
9589
33132
50051
50059
19401
36323
44063
44068
25401
2921
2927
50068
47259
7854
19413
19416
13044
36339
44075
51511
51512
16238
51514
51516
48707
51517
48709
39529
38080
1491
1497
1498
28608
19427
19428
44081
44085
4682
4683
4686
11313
48710
42344
51527
42349
2944
50082
47273
14505
22240
19431
28615
45532
13067
27176
27179
44093
44096
44097
44098
11322
4699
34618
51530
51534
42353
39544
33177
47283
47288
7881
37802
28620
28623
13072
13074
19447
13076
27182
36369
20512
17707
11338
43804
43809
16262
51541
16268
42362
51549
42368
33186
7891
37815
31443
22260
19452
13084
36371
36373
27192
11340
34630
43818
25454
16271
48745
51555
39564
51559
2972
33198
23719
40631
37826
37829
19465
13095
17722
17726
20538
43821
11357
16286
51562
39571
42382
39572
51566
39579
32900
32905
31461
31463
19473
31466
36393
45577
11361
11362
25475
16296
39582
2995
23739
37841
37843
31472
28669
22299
17741
26925
26926
25480
34665
32924
37854
28673
28674
28677
19496
19498
20562
17752
11387
11389
25496
23753
14576
40676
11392
43863
11398
34686
48796
32947
14586
12841
12843
605
26958
43873
34697
37880
40696
40699
17780
26969
43885
9200
9208
32963
23781
23783
37890
628
9219
32973
32975
1103
1105
6035
12879
6037
633
26980
639
12887
26996
4301
1129
652
4310
9243
4325
9250
7510
7514
1143
7517
1148
9266
1155
6085
6087
4340
2600
42009
1162
6094
6096
6098
698
9282
39204
