45548
34253
55316
44028
82743
50398
82748
29412
127097
60168
29417
18126
8690
120910
35784
120919
7175
77905
66613
34267
72980
92520
29426
120921
120929
35799
7181
77917
66622
66627
44041
44043
19662
92532
39203
91012
91017
120930
120934
34280
77928
66634
55346
65113
65117
82771
60193
92544
92545
60198
81256
18159
91026
120941
56872
77933
66640
77937
66642
55357
55358
44065
65129
82780
82781
19680
19682
104817
71499
92556
29454
18161
18164
18165
39222
39228
45595
66650
45598
55362
55367
87718
65130
44079
65133
104821
82792
104828
91040
120960
49005
56893
56894
55378
76438
104830
92570
92571
81281
103313
29475
81284
29477
18183
91052
39247
66671
66674
66677
66678
55384
87736
87739
76448
86210
97509
104840
125907
92583
114614
81295
103329
18198
91061
120980
49023
87742
76450
76457
97513
86222
97517
86224
104853
104857
104858
125912
29493
92596
103333
103335
103338
113104
49031
77985
77987
96003
113110
49041
21802
10510
76470
76476
76479
97538
104872
104873
113127
49054
49056
21815
109807
76484
76487
97540
204
103362
103363
113133
39299
21823
10530
109810
109812
109813
109817
109818
20306
97552
97559
86265
86268
96033
104893
104898
213
114663
103371
103379
113149
49072
10542
21838
31609
108305
225
226
114676
124442
4523
4524
42902
10554
109835
31615
20320
3002
3003
119605
97577
86283
108315
108316
125970
230
125971
113166
21851
10563
4535
10564
86290
30100
30107
96068
125985
114691
125987
4549
20344
3022
119625
3026
108336
108338
118109
258
124470
124477
4554
4557
31645
20354
52703
119636
20359
52707
30124
118112
96088
113194
113197
42940
10595
42949
31658
20367
41421
52717
41423
3047
52719
108359
118121
118129
124492
14006
14009
42953
31665
20370
109889
20375
20376
3053
119655
3056
41436
41438
30143
51206
26822
15533
14011
31679
119662
52735
20389
41445
30157
118141
118144
296
298
9515
15544
14025
4592
4593
42971
4594
42973
31680
42977
20391
31688
119672
3072
3073
3079
30162
62514
62518
26844
15550
15552
15554
15555
36610
47906
36616
25327
42986
31695
3082
108391
73812
108394
108398
30175
62523
73819
118160
118164
61003
26856
9534
36625
8011
14045
35108
3091
119692
30180
30187
72303
61013
100701
15573
100708
9547
9548
36635
25340
36636
36638
8021
25347
8027
35111
118180
83605
118189
100713
36643
36647
14068
52780
73840
41495
94903
51260
83610
51267
15591
100727
15594
9567
57710
57711
57713
25367
14078
35132
46429
52795
72330
61040
82101
100730
25373
8050
8051
8052
8057
51283
94927
83633
83634
83637
61052
93404
93407
9581
121802
47964
110516
25386
35154
56210
56214
73877
73878
94932
72357
61066
61067
19020
19027
100752
47972
25391
25393
8074
8077
78805
67510
35167
83650
72365
19036
100767
47982
121825
110531
36693
8085
120301
8086
78811
78812
8089
67521
78816
35174
35177
35178
1908
94950
73897
73899
94953
94954
61081
61087
82142
82149
19047
100770
100773
100774
47990
110541
57767
8098
67530
78828
67534
77303
66012
66015
1915
66018
66019
1919
93443
93449
19052
121842
121846
35190
67540
35199
67549
88602
88605
77317
1924
66027
94975
83680
83683
105714
72390
93454
93455
19062
100793
100795
121859
46492
46493
46495
78844
120335
99902
99905
67558
83696
83697
110571
78853
67561
78858
99913
88623
88624
77331
1940
66042
1943
1948
87106
87108
94994
19084
121877
110585
120351
88635
66056
87111
87114
126805
115513
115514
110590
110591
56293
88647
88648
1960
66062
98415
98416
87128
105755
93493
115526
120371
67592
120378
99941
67594
99943
67597
11405
88655
88657
77365
77368
126822
104246
125300
120386
78899
22708
22709
11417
88663
1980
98430
1983
98436
126832
105779
126833
115540
6915
12945
120391
22715
77382
1990
1998
105788
104267
104268
114038
12956
22723
22724
99979
21201
98452
98456
87167
126855
104271
114041
114048
6932
99981
11440
11442
21211
87175
109208
126869
104283
104287
125341
104289
22746
5424
5426
43804
43807
32515
21224
12980
12988
22759
11464
5436
11465
21238
109223
98489
126882
126884
125368
114075
114078
12995
12997
5440
11471
43824
43828
43829
21246
109232
42304
98498
42307
31013
119007
22772
5450
22774
5451
5454
11489
42310
53607
31025
109249
17930
90806
125387
16411
16415
22781
11493
21261
109251
53619
109257
109259
119022
119023
119026
17942
90810
90817
90819
16428
5470
5477
43858
32568
21275
21278
17955
27723
27725
16431
16438
5482
43861
5485
43867
43868
64921
43869
21286
21288
21289
42346
31059
52114
52118
17961
90837
16440
37507
26213
5491
64931
53646
53648
63412
52120
52124
18
17978
16453
37511
48807
48808
26220
43882
53652
53656
42362
109292
109296
63421
74719
52133
20
27750
27753
48810
48813
16467
37527
26234
26236
36004
43897
64953
64958
74722
74726
63431
31086
119075
90863
101602
90866
27765
16475
48824
16477
37530
48827
37532
26246
47307
74731
42389
52151
63447
52156
42
27775
16483
101618
48835
37543
26253
64976
64978
53685
74741
95802
119094
52166
119097
54
112919
48842
100103
47323
47327
36035
83005
101635
101639
48858
37567
100113
37569
26277
36045
74763
63471
63475
95827
73242
73
83015
48860
101647
111410
37577
58634
26287
36057
84541
84548
101653
48870
122711
101659
26290
26293
69937
100134
26296
36060
47356
79707
36069
68418
74788
63494
84558
73267
94323
83030
94325
94328
94329
98
112950
112955
101663
37591
69944
111437
100145
58656
121201
79711
36074
36079
57135
57136
74795
74797
84562
73271
73278
83040
101670
48890
69956
69959
121213
121215
36087
78207
2812
106601
84579
83052
101680
101686
122745
69962
111457
58673
79732
68440
68442
68445
68446
57157
78218
2823
1301
95871
95872
84582
106614
95878
73297
73299
112982
101691
112987
101699
69971
122759
47391
57161
68458
89511
89514
78223
2830
2832
95884
106621
84591
117919
105107
122769
69985
79751
121242
78232
89527
2842
88000
2847
88002
2849
88004
88005
95890
95892
1325
117929
83089
69992
69996
69998
121254
121255
57185
78244
2857
127701
94382
94384
105121
83091
122785
111496
13818
121260
78250
78259
88025
117941
106658
127717
68492
68498
78262
78267
99320
88036
1350
1356
106667
105144
126203
7802
7809
23605
2889
88043
88048
1366
106672
117969
105154
121292
121293
121299
12324
89571
12328
88050
88057
117979
106685
106688
60819
126229
34911
23623
23627
89583
22102
22109
60821
127753
60827
7832
34923
23633
6319
33404
22116
88070
88072
88074
88076
1391
117995
60835
116477
70605
70607
70608
126243
7846
34932
34933
23641
34938
23644
44700
12353
12355
44706
12359
88086
116481
18801
70614
126258
6332
6334
12363
44718
22135
22136
99382
22138
88095
127784
127789
116496
18815
18816
23665
12378
44729
60860
60864
127795
81923
81929
126272
80400
17302
17306
23670
44737
60873
70641
126281
126282
17315
7882
7884
65800
12399
33453
22162
54510
33459
43220
81945
18843
81947
81948
18846
39901
70658
91719
17328
7895
23694
23697
23698
44753
33468
33469
54524
43237
60891
81955
18857
39916
80430
27101
44766
44767
33478
65826
65828
22187
18862
18867
39921
28631
91734
91738
17343
17345
90211
27111
90215
90216
27117
6394
6397
33485
22190
33486
54544
43250
54547
75602
54549
64313
39934
28640
91745
49702
90224
44780
54557
75616
64321
64326
53036
18880
18886
81989
91753
17365
49714
49716
49717
27131
27136
54561
54563
43271
43272
54568
43277
43279
75629
53043
18891
102500
80471
80472
28665
17370
102506
17376
80479
49728
90242
27146
48209
54574
64340
75637
85401
53056
85405
113805
28675
80484
28677
102518
80489
38446
59503
48211
48214
54580
65876
65879
86933
43295
53060
96703
96704
74126
39973
113819
49741
17394
80499
38454
27163
59519
48224
54593
64365
64367
53075
85423
74130
28692
91798
28698
38465
112305
101012
27175
59523
101015
64373
64377
53083
96728
900
905
95209
102543
102544
49765
38474
59531
112318
59533
101027
27188
48248
86961
913
917
95216
95219
112320
27191
112325
38489
90298
59546
86971
86973
75689
95221
113853
102561
49780
123623
112335
101047
48262
58032
3701
3704
86982
86989
74171
85468
74176
102570
102573
102576
123633
49796
101050
101053
59565
48271
59568
122116
79102
30803
96762
96763
107504
96769
74181
941
85477
95243
102580
102583
113879
101067
122120
79112
3724
3727
30818
118802
2203
85480
95251
123651
123653
123655
112360
112369
59584
59586
59587
58060
79122
79126
118810
96789
107528
85499
968
95263
106005
106009
113890
112370
101082
101083
101084
122144
122146
69364
58072
79139
3744
30835
107530
107533
2228
974
117301
95274
112380
112386
58088
118839
107544
128600
117311
95286
14713
14715
112399
122160
122165
69384
58094
58097
3767
107553
128610
106030
122177
107560
2256
40636
40639
128626
127103
8707
24504
122189
3780
30874
30878
51932
40640
118868
61700
50410
128638
50419
8710
14740
8713
24511
13228
79183
3794
30887
2270
2272
40658
50427
106068
127123
14754
24521
79197
30894
30897
30899
2284
118888
107595
107599
61725
117360
117368
127130
127138
127139
14765
24539
34305
118898
51969
61735
117370
71500
50448
127140
8740
8748
35833
35837
13250
24547
13256
7229
40684
128670
127150
14786
56908
45615
23039
40691
51988
128682
82810
117395
19712
71520
50467
19716
60236
70004
14799
35853
7240
7241
45621
34336
44102
44107
128691
82824
127176
18203
56924
13288
45636
45638
34343
23052
44110
55407
61777
19730
19734
82837
60250
92600
29507
18213
18214
81317
81318
8780
35870
35871
24585
34351
66707
55417
44126
61786
92614
92615
29515
70036
8799
45651
23075
55426
61798
82858
29525
70042
29529
18236
70044
28000
35892
56950
35897
34373
55430
23083
55432
23086
66729
55435
44144
82860
71570
29533
81342
92637
56963
45673
56969
66733
23097
44150
76501
55448
76505
65218
104903
19770
19772
82876
19775
19777
60297
29544
70060
18253
29548
39319
91128
56975
45684
34391
34392
55453
55455
55456
55459
76515
19780
82885
104916
71591
19789
29550
29557
29558
56982
56986
45691
56987
55462
44171
82890
82892
19792
92662
29562
81372
18270
103405
29568
18277
70087
70088
39333
39338
87822
76532
87827
65245
65246
86303
75013
75017
114707
91151
28050
66770
76541
55488
44197
104947
114712
92683
92685
92689
28060
39356
39359
91168
66780
66786
55491
66787
55493
55496
76552
87849
97613
75032
29590
29591
92694
114726
103431
29592
92697
113200
91173
49135
66795
10606
87855
76562
76567
76569
65278
97629
96100
104961
103443
113212
21901
21905
10610
21908
97633
65286
97636
75051
75059
104975
114748
113223
113224
39385
28090
39386
91194
39388
91198
21915
10622
109901
87871
87874
76589
97643
86350
114757
114759
39396
123005
123009
10631
109911
10637
20401
75073
96130
318
124531
124534
113248
4611
10640
4615
4618
20413
20416
108405
86377
114774
114778
114779
103486
124547
123028
4624
10653
4627
10657
31715
3104
97674
86381
96153
96156
114781
114789
49191
21953
4630
21955
10663
31722
10669
108425
114791
346
113278
4641
10670
31732
108433
108438
118204
356
113287
15607
109961
10686
109966
52804
119734
108448
96185
118217
118219
124580
124581
124584
124589
113298
31752
52815
41521
108451
52817
119748
41528
30235
96197
40007
26912
124598
15628
14107
21993
4670
4676
109982
109983
31762
31763
109988
52820
52823
119756
41532
108462
108463
30241
51303
51305
51307
385
26920
15630
9607
4680
3162
3163
3164
108470
3167
108475
118241
62607
51316
40028
393
26934
15648
123090
15649
36704
36705
25414
14121
14124
4697
31786
52845
52849
51321
62618
51323
40030
40037
15652
36711
36714
25420
14136
31793
52850
31799
52855
41560
73911
119789
30272
62624
30279
61103
128039
26953
25432
14149
73927
118271
118272
40057
61113
9641
36735
46506
52878
41589
83703
128055
15683
57805
41590
41594
73944
73946
118292
62658
40070
51368
61135
128067
128068
100821
26984
9660
36751
25462
25465
8143
57816
14175
46529
35235
35239
45004
73953
83723
51378
72435
61142
82202
57820
25474
14180
57825
57826
8154
35245
45016
40092
93500
72449
82217
110611
36774
57834
57835
57838
8167
35252
35257
56312
73974
73978
61160
93514
19120
19125
100856
110625
57841
35266
45035
61171
61172
61177
19138
121923
36795
36796
57853
8181
57855
8188
46565
67621
72472
72473
82241
61189
100871
100879
57860
120415
67631
67639
77404
77405
105805
93540
93541
93543
93544
19151
100880
100889
121944
121945
110653
46580
78931
35290
35291
120428
78937
35299
67648
88701
45063
88707
45068
45069
66126
66128
105814
83786
72492
105819
83788
93551
82262
82263
19161
19165
100894
57882
120433
120434
120437
46598
67658
88713
45075
66130
45079
105821
83798
82272
92048
121962
121968
120441
78957
67667
67669
56376
77431
66146
87205
87206
105831
105834
105836
115604
93574
82280
115609
104314
104315
104317
82286
120459
88735
45093
77441
77448
98506
115613
104322
82298
19199
92063
121982
78970
78975
120466
78976
88747
98513
98518
105856
126917
93593
104339
114103
92072
92077
78981
120477
67693
67697
88753
77460
66170
66171
66173
66175
98523
87238
105868
115636
114111
92083
114117
22809
11514
77472
66180
77475
97018
115643
92092
92093
120491
22810
11524
98544
98548
105882
105888
126943
126944
115651
126948
126949
115655
104362
114132
22826
11534
5506
88782
77498
98555
98556
87266
97034
97036
114147
5514
88792
32601
32606
10023
98565
109302
109303
98569
87275
109308
97046
126961
126964
115674
5520
43900
32615
21322
21323
10030
10035
4006
10036
4007
97050
126970
115686
115689
32623
4010
10042
10044
97061
115694
115695
115699
114174
22861
22865
11576
5547
43929
10055
42403
10059
31116
97071
126992
114186
114187
11583
11587
53706
4037
42415
31122
42419
119115
90901
90907
27808
16519
22885
11590
5565
5567
32652
43949
10074
53717
109354
42426
109357
119122
119126
119128
90919
5574
43955
32662
10081
109361
10086
31145
52206
90924
27823
16531
27828
15011
5585
5589
32674
31152
31154
109379
52210
52211
63507
27835
90938
27836
16546
16548
37601
26315
15025
15028
32681
32686
4071
42452
109385
74806
74808
27848
37610
48907
37614
9002
26328
9007
43980
43985
32695
4083
53758
74812
63526
119165
27850
48912
9011
26335
36100
36103
4096
52248
62018
101702
37632
37634
26347
9025
9027
53774
53777
31190
42489
63543
31195
74839
84600
119182
119185
52256
62020
27871
90974
101718
37642
37645
26354
42494
95901
63556
63559
73326
90986
101723
90988
48949
37656
26361
37657
26362
100202
9041
36138
74858
52273
62046
101733
27899
37661
48959
111503
111506
26373
100216
100219
36144
74863
63574
52282
94402
62059
83112
111512
26381
37678
9064
58737
58739
57213
74872
62060
94414
83127
101755
48975
122818
48979
111525
100237
110000
110001
68511
110005
57220
36167
57226
84651
84654
84659
73367
94424
62078
101762
122820
48982
122824
122825
48987
48988
111536
100246
2904
2905
74895
73371
73377
83142
83145
83148
101775
122834
48998
111549
9091
121310
110020
36182
79825
57242
67012
2912
106700
95965
84671
73388
94446
94447
83156
111550
111555
58770
100265
36192
79837
68549
57258
78311
78312
2924
84684
94456
122855
122856
111563
100274
121334
47497
79848
89611
89613
78322
89619
67038
67039
95980
106721
95988
106728
94462
105202
105207
122866
100280
111577
110050
79854
68561
110053
110058
78336
1423
106730
95999
116508
105214
122878
13901
111585
121351
121358
89631
57284
89637
99400
67053
99402
2956
88114
106743
116511
127809
94485
105222
83193
94489
111593
13917
79870
121362
79874
121367
57297
89648
2960
2962
2963
99414
2966
88125
106752
127813
94490
94493
116526
121374
68592
12402
89650
12405
89653
89657
78364
99421
67076
1454
1456
106766
127826
121381
110090
110094
110097
89664
89665
78374
78377
67082
99434
99435
99437
106777
127834
127835
116542
116548
116549
105257
7914
121391
121398
78389
67097
1472
1479
60911
106789
116550
127846
127849
116555
115039
7924
13954
13955
7928
23721
23723
12430
6403
6407
22204
1481
1482
60924
116561
116567
115047
7932
7938
6411
22214
99469
60937
116573
60939
105287
115058
13972
6422
6427
12458
22226
22228
127876
127878
105293
18905
115066
7950
7951
13984
7956
13988
7959
44810
44811
99481
99488
13990
13996
23764
6444
33531
32011
126376
115081
126378
80503
115087
115089
17405
7970
23779
43318
32026
32029
60976
18936
80515
28708
7987
6468
33551
32039
18943
70752
18944
18946
91813
28717
80528
44855
33560
44857
43333
60992
18957
80532
28725
80539
54633
22288
54637
43344
32053
64407
53113
53117
53118
91834
80542
28736
17446
90310
38503
90312
27216
22295
43359
32067
64416
80551
17450
91849
27221
38517
44884
33591
65942
33594
65946
75710
43369
64423
32076
75719
53135
53136
70791
28759
17464
17468
49817
90335
37005
54660
54664
75722
75723
32089
74204
18999
48304
54672
75731
43383
32095
53159
74219
91871
91875
80581
80583
28778
80586
102618
80589
38540
27252
90355
37020
37027
65975
65977
65978
54684
96800
75747
96801
96808
53167
74221
85517
74222
91883
113917
17495
17499
90361
90365
48324
37036
54691
64464
85520
53173
84000
84007
113921
113922
91893
28793
91897
28796
49856
112409
101114
48333
48339
37046
58105
85531
96829
85536
95301
84017
113935
49861
59631
90387
59635
101127
59639
48344
37054
69407
58114
75772
74251
74258
123712
123714
112420
112423
59647
75780
75786
64497
96847
74263
74269
84031
84032
84034
123720
38597
38598
112439
37073
58134
58138
75790
75791
75795
96855
85560
85565
85567
74272
74274
113960
113964
102670
123739
101155
101157
122213
69433
3811
107601
85575
84054
102688
59671
122221
122229
69445
58155
58157
79215
3822
3828
96871
85584
74298
95353
84064
113982
102693
123754
123758
123759
122234
69456
58169
3830
3838
30927
118917
2318
107628
85597
85598
113994
123762
112472
123768
112477
79234
79239
3847
3848
30932
89005
118920
2325
107633
107639
95373
106112
95377
106114
112482
101193
122256
69475
89010
89012
3858
30940
89014
30942
30945
118933
107641
107646
107649
128704
117411
84096
14815
14816
122264
69480
58198
89022
89026
118946
40725
107659
128713
95393
95397
117429
123790
123792
123793
123799
14822
122274
122276
13307
3877
89035
30965
89038
118954
118955
118958
2358
107665
50505
106140
127203
8806
122288
13312
89042
40740
2368
117443
117448
106158
8811
14847
24610
24611
13327
13328
79288
89050
89053
30984
30987
118977
107683
61810
107687
107689
50525
106166
106168
127226
14851
8825
35915
7301
23102
107694
61821
61827
128756
50534
117464
106171
35927
24635
7315
128764
61836
50544
117475
60311
71607
60313
127242
127246
8841
14874
24644
23122
40783
40786
50551
61848
50553
128777
128778
117485
50557
71613
71615
19809
60328
13360
13364
13365
7338
45716
89090
40791
40792
40793
40794
117498
19818
71629
70106
70109
23147
23148
44208
61865
50570
128794
128799
50577
19822
70115
8877
8878
7351
7352
7354
24679
13389
55503
60353
60355
60356
127285
8885
35972
24684
24689
45744
34455
23161
55511
61883
19846
82949
60362
60364
127296
60369
18322
81428
70136
24691
35987
24696
24698
45757
34466
66814
55520
66816
34469
66819
54005
19853
19855
29621
60379
18330
92729
81437
70144
18337
18338
28109
35993
7386
45767
66826
65303
54011
54018
19861
19864
82969
60380
19868
28110
91215
91216
45778
66837
44257
44259
65318
82970
92744
29644
18355
70168
55551
66847
76614
76619
54033
19882
70172
70173
70176
91231
39426
39428
28135
45792
45794
55562
44274
65330
65332
54041
92760
103500
29663
91241
91242
28142
91246
66869
87923
87925
65348
54054
86407
75112
81480
70191
18387
39447
39449
66871
66874
87932
44291
55588
76641
76647
97709
92785
81499
102002
91266
28168
55591
65362
54078
114821
103535
91273
39467
102014
10703
87954
65370
54085
86438
75143
96201
75148
96202
103542
39476
102021
28182
49241
49247
76672
86447
75156
114842
114846
103557
103558
113322
28196
49254
49257
59023
59026
87972
87975
65390
96220
96227
401
114855
124623
113330
102042
102043
102046
49265
10730
4702
10732
10734
4708
97752
97755
75171
75173
96239
114863
113345
123110
123117
59040
4719
10749
20511
87999
97761
97764
108505
75183
96248
96249
422
114870
103582
114879
103586
103587
113350
124646
113352
10759
20523
3203
3209
108517
96254
96256
433
435
49293
59065
31824
31827
3212
108520
108521
86493
30307
107004
441
443
114898
124662
113373
102086
10778
31833
97796
97797
41607
30315
30316
30318
118303
107013
450
124672
113380
124676
102091
102093
15704
15706
123154
123156
31841
10788
52900
119831
20556
30327
118312
113390
113394
113396
15718
15719
59098
10797
52910
3240
3241
119843
3247
118322
96291
107033
107034
471
124691
123171
123178
4779
31869
41632
119857
30342
480
128101
15731
123180
9709
123185
14211
20581
119862
41646
41648
62706
51414
51418
118349
40128
491
128119
9713
123193
25512
14225
4793
4795
31889
108582
52948
30362
62714
107060
40137
107068
24003
3280
52953
119882
119883
52957
52958
3286
3288
108595
51433
51437
107078
128133
128135
9739
25530
14244
24015
52960
52963
52964
30380
62731
30385
118379
128145
15771
9744
9748
25542
14252
46607
24021
24022
24025
62740
40160
128150
128151
15782
15783
100918
100919
9758
36840
8237
8238
8239
41699
51461
71000
9762
9764
100927
36858
57915
14272
46621
57919
35331
51474
51475
72535
61248
82301
128178
19200
19201
82304
71011
19204
36866
57922
25575
56402
45118
83838
82316
82317
100940
100949
36876
110716
57934
14291
8263
24060
35358
45129
83842
83843
72553
72556
61269
9793
100958
36884
36885
57941
25595
25596
25597
8278
67712
56424
56426
45136
62791
72560
72565
93628
82338
36892
36895
8282
120502
120505
35378
24087
45143
82347
19245
29011
100977
110744
24092
67737
56444
77502
77503
77509
105903
72582
93641
19252
19255
71067
100981
110754
46682
120523
35391
77519
83882
93650
93656
82368
19267
110760
110762
110766
110768
46695
56466
66232
76006
76008
105927
104400
82378
71086
92141
71089
29045
110778
120540
77531
77533
66240
105932
93673
115705
104411
93679
104418
19287
19288
71097
71099
29055
110783
110787
45191
77542
77545
98601
77548
98602
77549
115712
93688
82398
19297
92166
110799
67781
77554
66260
66262
98617
76031
105950
105952
115722
115723
104432
104439
92173
120573
120578
88850
88859
77565
87335
97103
105960
97108
105967
105968
92185
114217
22902
11616
88863
88868
98634
87341
87348
76057
105970
92193
29091
92196
114228
92199
22910
22911
11623
88872
87355
105984
125522
124000
11631
22927
11634
5606
11639
98653
10115
105996
125531
125533
114243
114244
114245
114247
114248
114249
124017
22936
88890
88892
98664
10128
115777
115779
104488
125544
114258
124021
124022
11650
22945
5622
11653
76091
97150
97152
114263
124032
22952
5635
11665
32725
4112
109420
98685
21439
109424
87397
31206
115798
114272
22967
11677
42500
10153
4126
114280
16609
11683
22978
5658
21451
10163
4136
97182
97184
114292
27904
125588
114294
16619
22980
22983
11691
11692
22988
32750
10178
31236
119229
41007
125590
16629
32765
32766
4154
4155
21479
4156
53829
31240
52301
52303
52305
52306
129001
27924
27927
27928
26404
5689
21485
4163
53838
41022
27931
27933
124091
124097
15128
5698
21490
53841
4171
42552
42557
31266
63619
119257
16651
9102
32793
53850
53855
42560
4184
42562
31276
119260
41046
62104
27957
16663
27959
37721
37724
26430
26431
15141
9114
15146
9118
74922
74926
74927
74929
31288
41056
9122
15152
47506
36215
36218
53874
74936
42589
63642
31295
31297
52352
84700
63648
119283
73411
62122
101811
27977
37743
9130
9132
47515
9139
36224
42593
41073
41074
16690
37754
26469
58818
9149
36235
46003
46006
46008
46009
53899
63663
63668
52374
84723
73431
52379
62147
83202
37761
111602
111603
111607
37769
15180
15181
36245
36247
57301
74961
52384
52386
84737
41096
84739
62152
62154
94503
94504
94505
83210
62158
101846
111610
100322
58831
37779
26489
47545
36259
46021
84743
52397
37780
111624
58843
9173
47551
9176
68612
57320
36268
57321
84751
73462
62172
62175
101862
101864
101868
100344
79918
110118
68629
73472
73474
62180
62181
101875
122930
111642
47571
9197
121417
68637
57343
67115
106808
73487
94541
94542
94548
101885
93029
47581
36297
68646
46060
57358
89708
67120
67124
67126
106810
106813
84782
1507
94555
94558
93032
101893
101898
100370
47591
79940
79943
79946
89710
68657
89714
78421
67135
1511
84798
83272
122960
122964
100385
100389
121448
110154
89722
67146
88207
1522
106837
116607
105317
93058
122978
111683
121450
68671
68672
110165
57380
78440
78444
67153
67157
88217
88218
106844
1539
106847
127907
116616
116618
116619
105325
105328
93063
93069
122987
122989
111699
121463
79972
79978
110175
99518
1543
106854
116622
93070
93071
115104
122993
110185
68694
12502
89756
1552
98002
98003
106861
127921
116630
127927
116632
126404
93083
115118
110191
79998
110198
12515
89762
78470
12519
89768
99531
67188
88244
88245
1567
106878
127933
127936
116641
127937
116642
126411
121494
23812
23814
121499
12524
67190
78486
11004
67199
1576
78491
78497
22304
22305
11011
88260
88263
11018
88267
126439
115145
23832
12541
12549
89796
22315
99563
11022
11027
88277
127962
116674
126441
126448
23840
12552
12555
12558
22326
5004
22328
11034
126451
70818
126453
44914
44918
22331
99582
99589
98065
98068
127982
116691
127989
115174
115177
44923
6546
22345
5022
5025
99598
99599
98076
127992
70830
126471
17507
23873
6553
12585
12589
54700
43410
11066
98085
70844
91902
126487
115192
17511
28809
12593
22363
22364
22368
11076
32134
98093
98097
70858
80623
17522
16006
16007
16008
23895
23896
23898
44958
44959
54720
11086
53202
91921
91925
28823
28824
28825
17533
80636
17534
80639
90401
16015
33671
33672
44968
22380
54730
5064
11095
32152
32156
53210
64509
53216
70877
70878
91932
80644
17546
90416
16020
16028
44971
22395
54745
5073
43451
43457
64513
32166
53223
70888
28842
17550
80653
90424
90428
16034
5082
75816
32175
53232
64528
53237
70890
70891
17567
49917
38625
27331
44997
44999
53244
63017
91969
80677
38634
27347
48401
54774
54777
75833
43488
85607
74314
28872
80682
80683
80689
38642
90452
59700
27354
59709
48416
28881
80690
80696
49941
80698
90460
59712
16071
48424
54791
75850
64560
64569
96918
63049
28897
49950
112502
90471
112503
90473
38666
101210
59728
59729
64572
96925
53284
85632
53285
95401
38670
49965
59730
90485
112517
59735
37155
69504
58214
58218
64585
85642
63061
95412
63068
102752
123817
123818
38687
101232
101234
27395
90498
90499
37160
111000
111002
69512
111009
75886
85651
64598
85655
84131
84133
123820
49982
49985
122305
48466
37174
69525
58235
3901
75892
63081
95430
63087
63089
123836
101256
48472
48473
58242
58243
69539
58246
79306
96962
85672
107709
74386
123841
112555
101264
59777
111036
58256
79310
79311
79318
3924
3926
2401
107712
107716
74390
74396
102799
101270
59780
122332
122334
111043
69554
111047
69556
111048
58267
58268
79323
68030
3937
96983
123864
101284
101285
69561
111054
69564
69566
58273
68041
68045
68046
89103
89104
2425
40803
96998
106213
106216
123877
14900
112588
14904
122356
58280
58283
79340
79349
68057
3959
2433
40816
128804
117511
128807
117517
123882
112591
123887
112597
122361
122365
89121
3969
95499
106236
106239
116003
116005
123895
123896
14924
111080
111088
68073
2453
128824
117530
128826
106242
127306
116011
8906
111096
13419
79372
68082
40846
61904
128836
50614
50616
127311
122395
24717
79380
89156
117552
117556
116030
116039
24720
24724
7404
2482
50634
50636
117569
13440
13444
34502
34506
23211
34507
61931
61933
50642
117573
117576
106284
60417
60418
14974
8948
45800
13456
34516
40885
61947
128879
106290
71711
117589
19907
116067
8951
14988
24750
13461
24758
7439
34521
23230
89198
33005
50666
70209
8961
33019
50672
50675
19923
127371
60442
71738
60444
60446
18403
81506
18404
116089
24778
34541
23252
23256
33024
50682
61977
19932
50689
18410
29706
81514
18413
70225
8981
8988
24781
66902
66906
66909
61982
71751
50699
71752
127391
92817
92818
81523
29717
29719
18428
70238
8991
24792
45856
66910
66913
23276
54107
19952
71762
81534
70240
18435
18438
91306
80016
45869
55630
23286
55637
54118
19961
81543
29736
70258
39504
80021
7493
45878
66936
23294
44351
76700
65412
71786
19979
29741
29742
29748
39512
91323
39517
91327
65420
65422
33075
65428
54136
54138
18460
18466
39521
80042
91338
28239
80049
38008
45894
55662
66958
55663
55665
65430
54145
75205
75207
103609
39537
28243
39538
91347
38015
66967
44385
33091
44387
44388
65441
76738
54150
65448
54153
86508
114907
92878
70294
70296
39544
49312
38026
66971
66977
44396
97800
97809
75220
75221
75224
81594
29786
18491
28260
80072
28266
80075
49320
38032
66984
55691
66988
55696
65468
54175
75235
85002
85006
85009
103630
103632
113401
102111
80080
91377
80084
28277
102118
49332
49335
38045
97821
97822
97828
96307
85014
103644
39575
91383
28282
39579
102125
80095
38058
59111
59114
10812
76773
114948
103655
39582
124719
113425
39588
39589
49353
38061
97840
76789
97849
85033
503
114952
124725
38074
59136
97853
86562
75277
96337
85043
124731
113448
38081
49376
49379
59146
10841
97860
75281
75286
85052
103680
114976
103687
124748
113453
20621
119900
20625
86580
20629
119908
97878
108618
86588
96358
124752
113464
113465
123235
123237
49398
49399
59160
31922
119911
20635
3318
97889
96363
107100
85076
113478
123249
10871
10873
31933
41704
41709
118404
85082
118409
113488
102196
123253
59187
4855
31944
20651
20655
41715
108649
118411
118417
107122
564
113493
59195
59199
4868
10897
31951
3340
3341
108651
96390
40203
124791
15823
15826
15829
123275
123276
14307
3350
3352
20676
41733
3356
51503
107141
118437
128200
107147
586
15832
15835
123282
4883
41742
119969
3369
51512
51514
118443
40227
128215
597
598
9810
36909
14321
4892
4896
31982
20690
41753
3379
30463
62813
62818
107164
128226
15855
8305
8309
14338
14339
24100
108690
108692
108693
119989
62822
62827
118462
107170
118466
61308
61309
50019
15865
25636
25637
24119
41777
30486
62837
118472
118475
118477
51549
107184
61310
107186
40259
61312
61316
9846
9847
25643
35412
51550
51551
107194
107199
61328
9851
15880
36940
36943
25650
46710
14369
35425
35428
24137
41796
41797
51561
51564
62859
40276
50043
50046
9868
36953
8341
25668
8345
8349
35432
24144
83929
40289
128272
82401
50054
50056
19306
14385
35442
24150
24159
45215
45219
62878
83932
72641
83939
72646
128288
82413
82418
19318
110813
25688
46744
24164
24167
45225
62883
51597
72653
61363
128298
19325
9892
9895
36985
25691
25697
46753
35463
67811
67812
24170
35466
35468
35469
45234
45237
62890
62899
72660
72667
93725
61379
19332
19333
71146
110834
46763
8388
67823
35477
24183
24184
67828
56535
66309
55014
72673
72677
50092
19349
29116
29118
67832
24193
66315
55022
83973
83974
72686
93741
93746
93748
82454
29124
110855
46787
88907
72697
93751
82465
29133
120630
120632
56560
77627
66335
93761
104501
19370
19372
104509
71188
92243
110874
77636
77637
115803
19381
19385
71198
92254
92259
88930
67877
88936
66353
98705
115814
115817
93787
29169
56596
98713
98715
66368
98716
76134
104534
29170
29173
103013
120671
120675
11700
11707
88958
77663
98726
87434
55086
87437
87439
97203
115830
104541
92280
125607
114312
29182
92286
92287
29185
114319
120687
77676
77678
98733
55092
98735
55095
87444
76159
115841
115845
114328
11729
66394
104562
104568
125625
114333
103044
11732
21504
98752
10212
10213
87461
87462
98758
10219
97232
97236
104579
114342
114348
88995
88998
32806
10224
98767
97242
97248
124122
5723
5724
32814
98773
4207
4209
10238
76192
109518
76194
20009
97259
104591
104593
104599
125657
114366
103071
103073
103076
124139
5732
5734
32825
21530
32827
98782
10243
109523
10246
87494
97260
108003
125663
32832
32838
4229
98799
20023
108010
125673
124150
124154
124159
5757
21553
53902
21557
42611
42612
4238
31320
10267
109545
31324
20031
20034
97287
108025
108029
114395
114396
16717
32850
32853
109552
10275
109553
4248
109556
20044
20048
41105
125697
125698
15204
21571
10288
52400
52404
41111
52407
108042
119339
15213
32873
4261
4264
42643
10295
10297
63700
42649
41120
108052
52418
26510
26515
4271
53946
42655
119351
108065
16754
37813
9202
26526
32898
42660
109593
31376
63728
20086
119364
20089
41147
62201
41149
62207
62208
16761
16769
37823
15241
42670
63730
31383
63731
63733
63739
20098
62210
73506
73507
101900
101905
26540
26545
9228
9229
53970
53978
31394
31396
119384
84805
62224
101912
58900
15263
47618
42692
42695
63755
119393
52467
84815
119396
73525
62237
72002
72003
101920
101924
16792
37853
37855
100402
100404
58913
15274
47624
36330
46102
53995
84826
73534
62241
83304
111701
100410
111707
58922
9251
26576
15282
15285
47633
36343
46112
52484
52485
52486
41196
84839
62257
72022
72025
101946
37872
111714
100420
37878
58934
100426
47641
100429
47643
15297
36359
68708
57415
57419
63784
63786
84840
52492
63788
52493
73552
62267
72033
111723
100430
37887
37888
9270
100433
58949
68711
68713
46131
46135
46138
73564
73566
94620
73569
62279
83335
72040
101963
111731
111735
100444
111739
47669
110219
57434
57437
57438
67203
67205
94631
83340
101978
101979
111749
58968
110221
25093
68738
78500
46158
84870
73584
62296
83351
94648
111755
111757
58973
89803
1605
84884
73593
94650
73598
73599
94654
72070
93131
101991
101995
111765
111768
100474
121531
121536
78522
57469
120013
120018
106928
105402
94668
72082
72089
100480
111777
58994
100486
121546
68762
110254
57472
89825
89827
67245
88305
1622
106935
94670
105411
83387
72097
93158
100495
68777
46192
77022
77028
94685
94687
94688
121561
110279
120043
120046
88320
88321
106952
94692
94695
105434
115204
121571
68791
121579
78566
99622
88333
110290
121587
12612
110299
120060
78576
67288
88341
1662
1667
126514
115220
126517
115228
23914
121598
121599
12624
12626
89879
99649
11108
1673
1679
116757
126520
126528
125002
125003
6600
12630
6602
12639
78599
99653
99656
98131
98139
126532
125015
89893
99662
77080
70909
115251
126547
115257
23945
6627
22427
5104
116781
105493
115262
6630
12668
33726
99684
5116
5117
98160
116791
116792
70924
115279
6642
6645
22443
99693
5124
11156
99698
11157
43507
32217
70932
126571
80706
6657
33743
11161
5137
32229
98180
126580
28901
28903
80712
28905
115297
17614
17615
6660
6663
23988
22461
22462
22463
54812
54818
11178
98194
42003
98197
42005
42007
70952
80722
126598
80726
28919
80727
16102
16106
54822
22479
11184
11185
11187
11188
32246
42013
42017
42018
42019
70963
28926
90502
16110
90509
27407
6685
11195
5167
32257
70971
70974
17645
125094
27412
90515
38707
90516
90517
90518
16124
6694
33781
33787
5171
22496
5175
43554
64613
17650
80753
80757
17658
27425
27429
33790
43560
54856
43564
43565
64623
53334
63102
70996
17661
28958
80766
16149
43572
75922
75923
5199
53340
53343
74404
80778
38739
16154
54871
75931
64647
42060
53356
53358
42066
42069
102817
28978
80787
90550
38746
59806
43599
64657
85713
53369
42074
74424
63131
74427
28981
80790
102826
102828
38751
90565
37239
54898
64660
85720
64667
53378
63141
84202
84207
28990
28994
102836
38762
112602
38763
59820
90577
112608
101315
59827
101319
16185
16186
37240
48536
37244
75965
64673
74441
63150
84215
38771
112611
90584
27487
16199
37255
58314
47020
47024
47025
47028
75970
64685
85742
63160
112623
27493
112628
59848
48558
75984
64698
85752
85753
74461
95521
63175
95523
63176
84231
94001
94003
102861
38793
112636
101348
59857
48565
69620
48567
47040
68106
84243
84247
123932
112645
101352
122414
58343
47050
79405
68112
68119
74489
63195
84257
84258
94023
94024
59874
48580
59879
58353
79410
58358
79411
58359
79413
47069
68123
68127
2501
107812
107814
85786
107819
74495
84261
95559
84266
94032
102893
94037
102896
123956
59880
47074
79422
68134
68136
2518
2519
95560
95563
123967
101381
59890
122440
122445
58377
68141
79438
79439
68146
2520
107830
2529
40909
117601
95573
84283
94052
94054
94057
112683
122450
69674
58380
69676
89210
89213
2531
107840
107842
2538
107844
107845
40919
106320
123986
112695
111170
111176
69688
79453
68163
68165
68166
89222
107854
128912
116100
94070
116107
79461
68175
40931
107860
40934
107864
107867
50709
106345
116111
116115
94088
122484
24806
13515
13519
68187
99011
2564
99013
99015
40945
107877
128931
128933
50712
117648
127414
94099
122496
13525
89252
99020
2574
40955
50726
106365
127423
116134
13531
7504
7508
23301
23305
89261
89263
99030
40961
99036
107893
2589
117663
1068
60504
60509
24831
24834
13544
7518
34602
12023
23319
89279
40974
117670
50748
106383
106386
106387
116156
24843
13553
45908
23322
23325
6003
12032
12034
40980
40981
99054
40988
117680
117684
50757
71811
1089
106395
60528
24858
13563
45911
34629
12042
12044
12049
89296
89297
40995
50760
128988
71820
1095
117699
1099
71825
60534
127464
116174
70307
13573
45923
45926
34637
23348
12054
44404
12057
33111
33115
50777
60542
18504
34644
34646
55703
55706
6038
12069
99081
50783
127483
116190
60557
70325
24885
45941
7567
34650
13599
6048
50795
71850
60568
127497
18522
18525
17002
24895
45951
55721
12081
44430
44435
6059
54208
92922
92926
81636
18538
70348
91404
6062
6067
6068
33153
65502
65509
54217
71877
60589
81645
18543
39602
39605
80126
7598
34681
34683
45979
23396
23399
44459
71885
92941
92944
92948
81654
70360
18553
91422
39616
17037
34691
6084
33176
71896
29853
70371
70376
80142
17040
28337
17043
17049
55766
76821
6099
76828
54243
64013
103700
29865
103707
91440
70389
39634
17052
17054
17056
65540
65542
86604
75316
64023
92972
81683
18582
81685
70391
39649
17062
80166
44492
76849
97903
86615
64034
29880
81690
103724
92989
18595
39653
102200
39656
91468
17070
49425
55793
97913
86624
86629
64040
103732
92996
103733
92998
103735
91473
80182
91479
28377
49431
49439
10900
76862
97921
65575
54282
86631
75340
75341
86638
96409
91481
17091
17092
49440
38158
59219
65582
65589
86646
96411
85125
85128
103754
124811
124818
39687
28394
28396
49459
38165
112005
59220
97944
96428
602
103760
124824
113533
102246
112010
49467
38172
112014
69002
10930
4902
10934
97954
97958
75370
64081
64082
96436
85147
619
103777
102250
113548
102256
38185
59242
69018
75383
124842
113550
38196
112037
86681
97977
108717
112040
112042
59265
69030
69038
97982
108728
107200
85174
124863
124864
113578
102284
69043
97999
96475
96477
15902
123355
112065
69051
4957
10987
30524
30526
107222
85191
85196
668
112074
69061
4961
69064
10994
20769
41824
41828
30536
30537
30539
118521
671
107239
117002
117007
15922
123379
69072
4978
20778
108763
30545
118530
107247
15930
15931
9908
25706
112098
4989
3462
41848
30555
62903
62905
107251
40323
107253
40329
694
695
696
117021
128318
117026
15944
9915
25712
123399
14422
14428
69096
30567
30569
40339
117032
117037
8403
24202
24206
3482
3487
62924
51636
51638
107274
40349
117041
15968
25730
8410
14440
25737
8415
35501
35506
24219
3494
3495
30581
30584
118578
51649
107284
107286
117050
9940
9942
15975
14454
46805
35512
24220
41881
62946
107290
51657
40366
128353
117064
9953
9958
25750
25754
8430
14467
8439
35521
24231
24232
35529
24239
41890
62950
41898
51663
71207
15995
25761
14476
14477
35532
24240
24242
34013
34015
62961
62963
40382
72731
128373
82501
82507
71212
117088
19406
71216
71219
25772
8452
46831
35540
46836
46839
35544
35546
56601
56605
56608
45314
51681
40391
51687
72742
40395
50163
50167
82518
82519
9989
110913
25782
25787
8469
24261
45321
34035
62987
62989
128393
61464
9994
81007
110928
46852
67914
67917
56629
72760
50180
93828
92304
92308
110930
46860
46865
8489
120706
67922
67925
67928
56637
45345
72777
93834
93837
82547
19446
29215
92319
120713
120718
24291
24294
56642
35589
56646
45356
34061
77706
34068
66417
93848
19451
82554
82555
29225
93858
19463
92330
29233
81047
29239
110962
110965
46897
67952
67959
77722
45379
66433
66434
55141
66438
76205
82572
82574
92345
81055
110975
66443
55152
55158
55159
76214
82581
82586
104617
19486
39020
120752
56689
77745
98803
98806
55166
115911
115912
115914
115915
104622
103101
92366
29267
110990
39031
120760
56695
56697
104638
39046
120776
11804
11808
66478
86013
86019
115938
125703
92381
114416
29283
81093
103129
39052
120781
120786
11811
11814
11817
77770
66482
77778
66485
98835
115949
104654
125712
104659
125713
92399
39063
120790
120799
11823
11825
11826
77782
10302
10309
76261
97324
104665
104666
125722
125725
114434
39073
39079
11832
5809
98857
86041
115962
115966
115969
125733
125736
114442
114443
103154
103157
39080
39084
124219
39087
10321
10327
87573
10328
97341
103163
114459
39097
11852
11856
32916
21627
10334
109612
87583
109616
109617
87588
20101
86068
125752
103170
103179
5832
11867
32922
32923
21630
98882
109627
109628
31404
31409
86076
115990
114470
114474
114476
103182
114478
103184
103185
124242
11870
4328
98898
31412
31415
20122
119400
119404
108115
125773
114487
103192
16809
11888
32943
10362
42710
31425
31426
119412
97381
97383
108126
114490
114493
114498
16816
32952
32955
21660
32958
21666
10371
21669
42723
109654
109655
31433
31437
20143
31439
97393
41201
97397
41207
32963
32964
4350
109666
52501
52503
108142
41214
15316
5880
10392
109674
10398
31455
20161
52516
26613
15329
5891
32983
32987
32988
21696
109680
21699
4375
20170
20172
52520
52524
41234
51002
37911
37916
15331
15334
25105
25109
32993
32995
42764
4387
4389
109698
42769
52533
52536
41241
41243
41244
108176
62301
62304
62309
51018
16868
26631
26633
26635
9312
26636
26637
9315
36404
42771
63830
31484
52540
108180
73608
62316
51029
16872
26641
37937
26644
26649
25125
42784
42787
31499
119488
119489
62327
51034
16880
16886
16887
26654
9331
15367
47718
36425
25137
52561
52563
84912
52568
119498
41274
73625
51041
72100
16899
37956
100502
9345
15377
36430
25143
25147
46201
84922
52576
41283
52579
72115
37967
100512
15380
15381
15382
26678
9355
36440
9359
63877
84933
84937
84939
73649
72126
37975
111819
9361
26689
9368
68800
68801
46223
46225
52593
52596
84949
94711
94712
62365
51073
83421
83424
83427
111823
9370
37989
9372
26699
47757
110303
36468
25173
68819
63896
63898
73665
73667
51084
51086
93203
93207
111834
47764
47765
36476
68826
25186
46242
46246
67304
67306
56014
84961
84967
84968
62382
94734
94737
93214
111847
9393
100557
121613
110325
110328
57545
46252
56020
67316
67319
84971
62397
72164
93224
111857
111858
100564
47783
121623
68841
47788
68842
68843
36498
110338
78612
78615
56033
56039
84982
73690
94754
83464
93234
111864
100574
68852
110343
89914
56045
77101
56049
77104
84990
1719
83473
93249
111877
68860
57571
68867
68868
57576
67341
67347
56054
1729
94773
83480
93259
100590
111887
100599
68870
110363
121659
68874
110365
78642
89938
67350
67351
120137
56061
56067
77122
116811
94783
105520
94784
105524
105529
93262
93263
93266
111893
111895
57591
89943
67362
99710
78657
88424
56078
1745
105533
105539
115305
115306
104013
104014
121671
68890
110382
68892
110385
68896
68898
99728
88433
1757
98208
126607
115318
110391
121686
121687
110398
78678
77153
1764
98213
98218
126611
115321
126618
93299
104037
121698
12722
78680
99740
120178
99743
11202
67398
88459
77168
116856
116858
105565
115337
104048
6702
12733
12734
99754
11213
99755
11217
98231
1783
126638
104050
104054
104059
6719
33801
120195
33806
120197
88473
77180
33811
33815
5201
11232
99775
88480
88485
98250
98254
116881
126650
115361
115362
115368
12764
6737
33821
99780
5218
32300
32305
98264
116898
115370
115374
104085
125141
125146
6741
12777
22541
99794
99795
126674
126676
80801
80803
126679
17704
115388
104096
17709
125154
33844
32321
43619
109020
109023
109026
109027
6762
12795
33852
22560
33855
54911
5244
43622
5246
43624
32335
21044
42101
42108
17729
33861
22571
22573
54922
11289
21051
21053
53401
21054
42110
42111
109041
42116
109046
27505
6782
33875
54934
11295
5267
11297
11299
21061
32356
53411
80843
38801
90613
27511
16223
6790
33881
33887
32360
109061
42134
109064
42139
38814
16230
90629
26008
54953
43665
32370
5289
32372
64725
21087
21088
42141
109074
63201
80864
17768
16241
37309
26015
26019
5290
5291
5296
43676
32383
74500
53448
42154
74504
63210
63211
42158
74508
63215
102903
102906
38839
16251
54971
43680
43685
32396
64745
63225
17785
80888
17786
38845
38846
59900
38849
48611
16266
37322
26031
37328
26037
54989
64750
43698
74520
63234
63237
63239
102920
102922
90660
59912
38859
16278
48626
37333
47102
53474
53477
73010
112702
90671
112703
90672
112706
27578
48636
16289
48638
37343
26050
37346
26053
26054
47117
42195
42197
84311
73025
102943
38872
38873
90682
38875
101420
27582
59931
38879
90688
16291
27586
59935
16299
48647
48649
69706
69707
47120
58416
58417
47122
64786
53494
84320
63268
84321
73037
73038
102955
112726
101431
38889
101438
111200
37365
111205
37367
69716
64790
64797
85850
64798
64799
74561
95628
84338
73043
94101
94102
94103
102963
102965
112738
101444
101445
37372
48669
122509
26081
58438
47143
47145
68204
63286
84345
94119
102976
112740
59960
101455
59965
122515
111223
58448
47159
68213
85872
95641
63297
84350
84357
94121
94127
102989
59972
112759
59977
59978
122522
2606
107912
85881
2609
85885
84360
84363
73072
73078
73079
94133
102991
112766
59983
59985
122532
47171
68233
107920
107921
2619
94145
59995
101489
58470
111256
111259
47182
89301
89304
89309
1102
1107
84384
94152
112781
112786
112788
101493
122552
79546
89311
78025
78026
107943
2639
1114
106420
106424
95688
112791
122560
58490
111279
121042
89320
68267
95692
106433
94174
13609
79566
89338
78043
89339
99105
107969
1131
117732
1135
106446
127503
116210
94181
116216
116218
122583
122588
24904
79571
121063
68287
78056
107979
1140
117748
1149
127515
127516
116222
127518
94199
24916
24918
121071
121078
68294
78061
99121
99125
1150
50822
50824
1156
117757
106462
106469
116232
13635
121081
121088
12112
12115
2683
106476
127534
116243
116245
126014
13640
34708
121099
23417
78084
106480
71902
1177
106484
60612
116251
126027
13652
24947
24949
7627
34713
89386
89388
99155
50850
117780
106492
71916
106498
71918
116260
127557
116266
24954
13666
7637
7638
23430
6116
12146
60638
126046
24960
13679
44505
33211
99175
99177
50874
71930
71932
60645
116280
60646
18602
18609
7654
7657
23454
44519
99184
29901
18612
34757
23468
55818
44523
55819
50892
50893
29912
60668
18620
126074
126077
17105
80208
80209
24997
6152
55825
44532
6155
44538
43016
60673
18633
18634
81739
70448
91501
91505
80216
7685
23486
23488
44542
33251
54312
54316
54318
60681
70452
70456
28410
126095
7695
55844
23499
76908
54320
33268
71987
71988
18655
39710
18657
39711
18658
39719
28425
80235
34793
6183
44567
44569
33277
43045
43046
64102
64105
71994
70473
28434
28439
90015
55863
6199
65633
33286
33287
54346
43054
75409
64118
81774
39731
39734
80250
28444
38212
38214
38218
33291
33293
65645
54350
86701
86702
54355
43060
86705
75414
64125
103812
29979
81788
91556
80261
39749
28456
17161
17166
65650
86710
64135
103826
39758
102302
102306
102307
17175
38233
90042
76951
43085
103830
103835
29997
91570
91575
28473
28477
38244
38246
38247
59302
59304
65675
54382
54384
43090
75440
43098
43099
64154
64156
96508
85216
85218
103846
39776
28481
80290
102322
91587
80294
17194
49545
90060
59314
48021
48026
86740
103859
39781
102332
91597
28496
90071
59324
59325
59327
59328
86752
86753
75461
85236
95005
95006
124926
39792
124927
39797
49560
49561
102347
123408
112115
112119
48040
48041
48046
69107
86766
86767
75473
75474
75477
64184
85245
124933
124934
38280
38282
123419
90093
59345
69115
20817
108804
86775
75483
75485
96541
95023
95024
102363
102365
123425
38292
59356
69123
69127
20821
108812
95033
112140
59363
48071
48077
3516
108828
96562
96563
107300
96567
85272
741
95042
95045
124963
113674
112153
112159
48080
59375
69140
69142
69144
41906
30611
96575
85285
95052
124970
123452
123458
112166
48094
69154
3532
108847
108848
30626
85291
85294
113694
112179
3544
41925
118623
2024
96598
96599
107337
771
775
123474
112182
20874
3551
108861
30647
2035
118638
51709
40418
107348
107349
123483
123485
112191
69183
118640
51713
118643
128417
117123
14520
69190
20896
30660
30664
30665
118654
107361
107367
117130
14538
13012
24308
41962
3587
108894
40449
107379
117141
61507
8511
24311
24312
35608
3591
41973
41976
2070
107384
72803
72805
72807
61513
72809
128444
117150
50225
50227
8522
41981
41983
30690
107390
72810
107392
61525
128454
50233
8532
8533
35620
35621
13047
34102
34108
41990
118691
50242
50248
14570
35630
24340
24341
24344
13051
7024
45402
45409
34119
51778
40484
72837
61542
82602
50255
19502
50258
19505
71314
19508
60024
25877
14584
24359
7039
45419
72847
61557
82611
117193
128488
82617
60032
25882
25885
8564
14594
13077
34130
13078
34131
51790
51791
61560
128491
93911
19521
82626
19524
19529
71339
25890
46950
25899
35662
56720
24374
7051
45434
61572
61574
93929
92405
29305
8585
56732
24384
13091
45440
55219
72876
61583
93936
71353
60068
46970
46977
24392
77800
24399
34162
55221
61591
82654
60079
92427
29327
18034
120820
35699
56755
56756
77810
66523
66524
66525
55231
55235
65000
93953
71375
71377
92434
46997
45471
45472
77820
45474
45478
34183
77828
104701
104709
92441
29341
18050
18055
39113
120846
56773
77830
77833
45488
87600
76311
87607
93972
82681
19584
71397
92451
92453
92456
56789
87618
76326
19594
29362
92466
29368
120864
66565
87620
87623
76330
65042
65045
104737
104738
114501
103219
39147
120872
98921
66577
55285
76349
65059
29383
29387
103227
81197
39151
39152
120880
120882
11911
11915
77879
55290
87647
97414
86128
104753
104754
125817
125818
92493
114526
29393
77884
77886
98949
86135
114531
114533
124304
124307
113012
113015
11939
77896
21703
10415
76371
76372
76378
86147
124315
124317
39186
5915
21715
109707
76387
97446
97448
86155
86156
104781
125841
102
125844
103260
124327
113034
39195
39198
5926
10432
98976
87683
109717
87688
76393
20209
86164
86168
104797
125850
103271
113044
11962
11967
11968
21730
4411
4412
109722
109723
98987
87692
10448
87696
87698
97462
20216
114577
124345
113056
113057
5947
11978
98990
98991
21747
4425
98999
20221
31518
97470
108211
86181
108214
86185
86186
86189
114584
114586
103294
103296
113060
124357
5951
11981
11983
5959
21757
109744
10467
31524
20233
97482
108227
86198
30009
16913
124368
5966
11999
21764
21765
109750
4444
109758
31535
119525
97496
41303
108234
30015
118009
152
124376
113087
5970
21779
108246
16931
113092
15418
5983
5987
4461
4462
21787
21788
109772
31558
52615
41321
119545
41329
30038
15426
15428
109780
42854
63910
31568
119551
41331
108267
41338
30044
118039
186
26720
15433
15434
109790
20284
108271
52637
52638
108274
62400
108277
30054
118044
118049
195
16965
26733
15443
63935
20292
20293
119573
41351
62410
41359
73707
51121
118054
118056
16973
26740
26747
9428
15457
9429
36514
25228
31593
31594
31597
119586
73712
41364
73718
16984
47812
47816
25232
25235
35003
63951
119592
41374
52669
30080
41376
62430
51141
62439
51145
51148
72201
72206
26764
26767
9444
9447
9448
36537
25247
35011
35018
52671
52675
52676
41389
62444
51159
111904
26772
26779
9458
36547
46315
41393
51165
83518
47843
9467
47849
36556
68905
25268
46323
46327
63981
52694
73752
73757
94811
94812
62466
83529
82001
26797
100637
100638
36564
57620
68919
57626
62477
83531
100640
111937
9481
100646
100648
47866
121707
110416
56115
56116
73776
72259
100658
100659
47874
110420
110426
36587
110429
35061
73781
73782
94841
82031
111958
47883
36593
121728
68946
120201
120204
56138
1800
1808
93331
93334
82047
111961
121732
121734
46373
56141
67438
56149
1816
94865
72287
93342
93344
93348
100687
121743
68962
57672
57673
57678
35094
78737
35097
56152
88508
1820
72291
72292
72294
100691
111987
57680
46390
57687
120233
46394
120234
67455
56160
56161
99807
67459
99808
88514
56166
56169
77223
94887
83592
93364
111995
121762
121767
110472
68985
57695
78750
57699
120246
120248
67465
77235
87003
87005
94892
94895
115401
93376
93378
104115
121773
110484
68995
99821
56185
116933
115414
93383
115416
82093
121788
78772
99830
99835
56195
56199
77255
1861
87022
87024
116944
105656
126718
78782
11300
77262
77264
77266
1871
77269
87030
105660
116959
125203
120289
88560
99856
88564
77271
88569
98332
77279
87046
116960
105679
115443
104150
104154
6813
12846
33901
11321
99868
1896
105680
116976
105683
125227
125228
99877
88585
77299
105691
115469
104175
125232
6835
33920
33926
88593
11348
98360
32409
98366
109106
104180
99892
43700
5326
21122
98371
21126
109110
87086
126770
126779
115486
80907
33942
5337
32421
11369
21139
87093
109125
87096
126781
126783
126787
6865
11372
5348
21140
98391
42200
21147
109131
126793
126797
6872
6875
43734
32441
21152
53501
109143
42216
80931
17832
17833
27601
125289
16319
6881
33971
43748
32454
64802
21161
53512
21164
109156
125291
38905
38906
125295
33987
43759
64818
52005
80950
90725
27626
64822
42245
42248
63304
63309
80961
17865
90732
90735
38928
37401
37402
16349
37408
43771
53542
21198
42253
74601
53549
42254
74607
52023
17870
17875
80979
90748
27646
16358
37415
64841
53550
74613
85909
109195
109196
63326
80984
17886
90758
48719
64853
85910
85915
74620
74628
52042
73101
73104
38956
38958
101505
37430
37439
47207
42289
52059
38964
101512
27676
48731
16386
26151
37447
26156
85930
42290
74640
42293
112815
112817
16391
16392
101528
100000
69809
58516
85946
52075
27695
101534
90798
37461
48759
26171
58525
47238
57004
64894
74665
63371
95720
84436
73148
48762
37473
37477
58533
100025
58535
100027
68307
95731
95732
74679
63386
63387
52093
84443
73153
94214
94217
112843
101553
101558
37486
37487
111329
100034
58544
58545
79605
68311
79608
68316
85976
95744
73161
84459
94220
111330
122625
69843
111335
37499
58552
69849
121105
79614
85980
74695
69851
69852
58561
69857
79626
121119
68333
68334
57047
2714
85995
95761
106501
84473
94246
122643
69867
47283
47286
121128
106510
117805
1207
106517
94256
112883
101591
111360
100070
100078
68353
79649
89411
2731
2737
117812
94264
100085
68365
57072
57073
57076
57079
95790
1221
1222
106534
106537
105012
105019
122671
111380
122677
13703
121157
79666
57085
89435
78140
99200
99203
50900
127600
127604
105025
122688
111394
121161
68384
89441
89442
57097
78154
78157
2768
106552
106553
106555
106558
127619
105033
122696
121178
68396
89459
78169
2777
105040
126102
121183
121187
79699
89462
89463
89464
89468
78174
117862
117867
60701
60706
13740
7719
34803
34807
23516
89473
89474
12228
78183
78187
78189
2797
117877
1277
1278
60710
127649
13758
34819
6201
12230
89482
22006
22008
106590
1285
1287
60728
127658
13766
13767
7739
34827
34828
6211
89494
33301
99263
22018
117890
1292
50967
117896
127660
127663
60737
116378
126141
7746
6227
33313
99270
99276
50972
60741
127670
60743
105090
70510
105099
7756
44610
12262
44611
44614
33320
33321
22036
50988
18716
126163
126164
34851
34853
55911
55917
44623
33330
33333
33335
22049
50999
60761
127691
81821
81822
81825
18723
70532
18725
126177
7772
7776
7779
12286
44638
54406
60775
18734
81837
18737
70549
126186
17210
28506
91609
17216
7789
34873
34876
55935
44645
22062
43126
81843
70553
70555
70557
91612
28511
39806
28512
80321
126198
91619
17224
80328
34881
34882
34889
6274
6278
44656
22070
54426
54429
43135
60792
81855
91621
28525
28526
80334
17232
17238
90108
34896
55956
6289
33378
54433
22088
43149
64206
64208
81862
81868
70573
70579
28534
80343
28538
17246
27015
27016
55969
33381
44678
22090
65738
70580
81876
91642
28542
28545
17257
38313
27022
55973
55975
44682
65740
33394
75516
64228
91651
80361
80364
49610
49615
38322
90135
55985
65751
65753
43172
75529
74001
103921
103924
103928
18795
91660
49621
17276
90143
27045
55990
65763
65766
86821
43189
85301
113704
113705
28575
38340
90154
38349
48110
65776
43191
75540
54489
43198
43199
75548
85310
74027
39871
113717
80398
90161
38354
38357
59419
65782
54490
54498
86849
85321
74031
74034
74038
91694
102438
27071
48133
65792
86852
75567
74041
85336
85339
103962
39890
39899
102444
102446
102449
123505
90181
112213
27080
123509
112215
38378
27085
69208
64281
85340
64287
96639
811
103971
102455
102456
123514
123515
27090
90193
48150
69217
69218
108903
96642
64297
96646
85355
103986
103988
113750
113758
102464
102466
112233
38399
59459
20920
20923
108917
108918
75597
96657
74071
835
74078
113760
113767
123530
123535
112248
112249
59464
122010
48173
48175
69235
79003
3612
79009
3618
108926
30708
85370
841
848
74089
113774
113776
102489
112259
48184
122029
79010
20944
79019
108935
85380
107412
118707
85389
855
856
102491
113789
102499
122032
69253
79023
108941
3637
3638
30726
96685
2116
107425
107428
113790
113793
113798
123568
122044
122045
69268
79031
79034
20963
3640
79037
3641
3644
30732
40500
107435
117203
95173
123578
112287
122053
69272
79044
79049
3653
108968
118734
2136
2139
889
123583
25900
25901
14613
122061
69280
122066
69283
69287
79050
108971
118740
40524
107457
117224
25914
14620
25918
122078
13106
3671
108987
30765
2151
118755
2156
40536
50305
50306
14630
25929
3688
30772
30775
51837
118768
40547
61603
127015
25935
8612
8617
122098
24415
13121
13122
24418
3694
118776
51848
61610
40558
61611
72909
128545
127025
127029
25948
35718
24428
13138
79090
51851
2183
72917
117260
50334
60109
8630
8636
8639
24435
13144
13149
34206
51866
118797
40576
61630
50345
128569
60110
127040
60113
71409
25960
8640
25964
8644
8645
8647
35734
35739
7122
45501
24449
34211
34215
40580
51876
40584
50350
128577
128578
19600
50359
117289
60126
127056
60128
25973
8652
35740
35742
35743
7138
13167
13168
51888
40593
128580
128583
82716
71427
127067
60139
127069
35750
14698
24462
7143
24467
45521
56816
45523
44000
44001
51893
51895
61660
50374
19625
82728
127070
71437
19629
127075
35764
24470
7155
56829
7158
34248
44014
44016
72961
61674
50383
50387
50388
71443
82739
60153
71449
81210
81212
81215
29408
81216
18118
8685
120902
8688
120907
56833
24486
13193
45543
45544
7168
45547
