0	-2	1	1
27	0	0.999250936329588	0.999746492084215
77231	1	0.545211342964152	0.0749369399059486
82733	2	0.360299625468165	0.0270999961973813
84397	3	0.264954521134296	0.0173019152523038
85226	4	0.210486891385768	0.013245788599749
85797	5	0.170465489566613	0.01074873562927
86205	6	0.142857142857143	0.008847426260885
86460	7	0.124986623863028	0.00773199143143245
86694	8	0.108614232209738	0.00670528437250453
86849	9	0.0973782771535581	0.00607151458304286
86991	10	0.0875334403424291	0.00543774479358118
87117	11	0.0779026217228464	0.00498143054516877
87211	12	0.0706260032102729	0.0046518702546487
87306	13	0.0635634028892456	0.00428428377676093
87384	14	0.0572498662386303	0.00404345125676549
87458	15	0.0515783841626538	0.00377726794519159
87520	16	0.0462279293739968	0.00362516319572079
87588	17	0.0411985018726592	0.00335897988414688
87628	18	0.0382022471910112	0.00320687513467608
87667	19	0.0355270197966827	0.00302941959362681
87696	20	0.0338148742643125	0.00286463944836678
87741	21	0.0306046013911182	0.00267450851152827
87772	22	0.0280363830925629	0.00258578074100364
87805	23	0.0254681647940075	0.00247170217890054
87828	24	0.0240770465489567	0.0023449482210082
87854	25	0.0225789192081327	0.0021928434715374
87877	26	0.0208667736757624	0.00210411570101276
87909	27	0.0188336008560728	0.00193933555575273
87928	28	0.0175494917067951	0.00185060778522809
87947	29	0.0162653825575174	0.00176188001470346
87958	30	0.0154093097913323	0.00172385382733576
87978	31	0.013697164258962	0.00167315224417882
87988	32	0.0130551096843232	0.00162245066102189
87996	33	0.0126270733012306	0.00157174907786496
88014	34	0.0116639914392723	0.00145767051576185
88021	35	0.0112359550561798	0.00141964432839415
88040	36	0.00963081861958266	0.00136894274523722
88048	37	0.00930979133226324	0.00130556576629105
88060	38	0.00834670947030498	0.00126753957892335
88069	39	0.00770465489566613	0.00122951339155565
88078	40	0.00738362760834671	0.00115346101682025
88085	41	0.00706260032102729	0.00110275943366332
88096	42	0.00674157303370787	0.00100135626734945
88102	43	0.00642054574638844	0.000963330079981747
88105	44	0.00642054574638844	0.000925303892614047
88109	45	0.00620652755484216	0.00089995310103558
88117	46	0.00588550026752274	0.000836576122089412
88120	47	0.00567148207597646	0.000823900726300179
88129	48	0.0052434456928839	0.000760523747354011
88132	49	0.00502942750133761	0.000747848351564778
88136	50	0.00470840021401819	0.000735172955775544
88143	51	0.00438737292669877	0.00068447137261861
88148	52	0.00417335473515249	0.000646445185250909
88152	53	0.00395933654360621	0.000621094393672442
88156	54	0.00374531835205993	0.000595743602093975
88165	56	0.00321027287319422	0.000545042018937041
88169	57	0.00310326377742108	0.000507015831569341
88173	58	0.00299625468164794	0.00046898964420164
88178	59	0.00278223649010166	0.00043096345683394
88184	60	0.0023542001070091	0.000405612665255473
88187	61	0.00203317281968967	0.000405612665255473
88191	62	0.00192616372391653	0.000367586477887772
88194	63	0.00171214553237025	0.000354911082098539
88195	64	0.00171214553237025	0.000342235686309305
88198	65	0.00160513643659711	0.000316884894730838
88200	66	0.00149812734082397	0.000304209498941604
88203	67	0.00128410914927769	0.000291534103152371
88206	68	0.00117710005350455	0.000266183311573904
88207	69	0.00107009095773141	0.000266183311573904
88209	71	0.00107009095773141	0.000240832519995437
88212	74	0.000963081861958266	0.00021548172841697
88213	76	0.000856072766185126	0.00021548172841697
88214	77	0.000856072766185126	0.000202806332627736
88217	78	0.000856072766185126	0.000164780145260036
88221	79	0.000642054574638844	0.000139429353681569
88222	80	0.000642054574638844	0.000126753957892335
88226	81	0.000428036383092563	0.000101403166313868
88227	84	0.000428036383092563	8.87277705246346e-05
88229	85	0.000428036383092563	6.33769789461676e-05
88231	86	0.000321027287319422	5.07015831569341e-05
88233	87	0.000321027287319422	2.5350791578467e-05
88234	90	0.000321027287319422	1.26753957892335e-05
88235	103	0.000214018191546281	1.26753957892335e-05
88236	107	0.000214018191546281	0
88237	108	0.000107009095773141	0
88238	446	0	0
