0	-2	1	1
27	0.0	0.999250936329588	0.999746492084215
28	0.000750187546887	0.999250936329588	0.999733816688426
29	0.000997008973081	0.999250936329588	0.999721141292637
30	0.00114942528736	0.999250936329588	0.999708465896848
31	0.00121065375303	0.999250936329588	0.999695790501058
32	0.00125313283208	0.999250936329588	0.999683115105269
33	0.00126903553299	0.999250936329588	0.99967043970948
34	0.00131233595801	0.999143927233815	0.99967043970948
35	0.00133333333333	0.999143927233815	0.999657764313691
36	0.00143472022956	0.999143927233815	0.999645088917901
37	0.00147928994083	0.999143927233815	0.999632413522112
38	0.00149476831091	0.999143927233815	0.999619738126323
39	0.0015503875969	0.999036918138042	0.999619738126323
40	0.00158982511924	0.999036918138042	0.999607062730534
41	0.0015923566879	0.998929909042269	0.999607062730534
42	0.00176366843034	0.998929909042269	0.999594387334744
43	0.00197628458498	0.998929909042269	0.999581711938955
44	0.00207756232687	0.998929909042269	0.999569036543166
45	0.00208333333333	0.998929909042269	0.999556361147377
46	0.00208550573514	0.998929909042269	0.999543685751588
47	0.00223713646532	0.998929909042269	0.999531010355798
77234	0.00224215246637	0.545211342964152	0.0748989137185809
77235	0.00227790432802	0.545211342964152	0.0748862383227916
77236	0.002331002331	0.545211342964152	0.0748735629270024
77237	0.00238853503185	0.545211342964152	0.0748608875312132
77238	0.00243902439024	0.545211342964152	0.0748482121354239
77239	0.00264900662252	0.545104333868379	0.0748482121354239
77240	0.00294550810015	0.545104333868379	0.0748355367396347
77241	0.00307692307692	0.545104333868379	0.0748228613438455
77242	0.00308166409861	0.544997324772606	0.0748228613438455
77243	0.0030959752322	0.544997324772606	0.0748101859480562
77244	0.00315457413249	0.544890315676833	0.0748101859480562
77245	0.00315955766193	0.544783306581059	0.0748101859480562
77246	0.00328947368421	0.544783306581059	0.074797510552267
77247	0.00338409475465	0.544783306581059	0.0747848351564778
77248	0.00343642611684	0.544676297485286	0.0747848351564778
77249	0.00344827586207	0.544676297485286	0.0747721597606885
77250	0.00364077669903	0.544676297485286	0.0747594843648993
77251	0.00371057513915	0.544676297485286	0.0747468089691101
77252	0.00384615384615	0.544569288389513	0.0747468089691101
77253	0.00392670157068	0.544569288389513	0.0747341335733208
77254	0.00401606425703	0.54446227929374	0.0747341335733208
77255	0.0041958041958	0.544355270197967	0.0747341335733208
77256	0.00434782608696	0.544355270197967	0.0747214581775316
77257	0.00447093889717	0.544355270197967	0.0747087827817424
82743	0.00448430493274	0.360192616372392	0.0269859176352782
82744	0.00449236298293	0.360192616372392	0.0269732422394889
82745	0.00451467268623	0.360192616372392	0.0269605668436997
82746	0.00453172205438	0.360085607276619	0.0269605668436997
82747	0.00456100342075	0.359978598180845	0.0269605668436997
82748	0.0046875	0.359871589085072	0.0269605668436997
82749	0.004914004914	0.359871589085072	0.0269478914479105
82750	0.00517464424321	0.359871589085072	0.0269352160521212
82751	0.00522875816993	0.359871589085072	0.026922540656332
82752	0.00557103064067	0.359764579989299	0.026922540656332
82753	0.00557880055788	0.359764579989299	0.0269098652605428
82754	0.00572082379863	0.359764579989299	0.0268971898647535
82755	0.0058207217695	0.359657570893526	0.0268971898647535
82756	0.00601503759398	0.359657570893526	0.0268845144689643
82757	0.00625	0.359550561797753	0.0268845144689643
82758	0.00643776824034	0.35944355270198	0.0268845144689643
82759	0.0064620355412	0.35944355270198	0.0268718390731751
82760	0.00652173913043	0.359336543606207	0.0268718390731751
82761	0.00652528548124	0.359336543606207	0.0268591636773858
82762	0.0065963060686	0.359336543606207	0.0268464882815966
84413	0.0067264573991	0.264526484751204	0.017149810502833
84414	0.00677200902935	0.264419475655431	0.017149810502833
84415	0.00678294573643	0.264312466559658	0.017149810502833
84416	0.00690448791715	0.264205457463884	0.017149810502833
84417	0.00727802037846	0.264205457463884	0.0171371351070437
84418	0.00739644970414	0.264205457463884	0.0171244597112545
84419	0.00746268656716	0.264205457463884	0.0171117843154652
84420	0.00747663551402	0.264098448368111	0.0171117843154652
84421	0.00789662598708	0.264098448368111	0.017099108919676
84422	0.00810372771475	0.264098448368111	0.0170864335238868
84423	0.00811688311688	0.263991439272338	0.0170864335238868
84424	0.0083932853717	0.263884430176565	0.0170864335238868
84425	0.00863930885529	0.263884430176565	0.0170737581280976
84426	0.00872093023256	0.263777421080792	0.0170737581280976
85243	0.00896860986547	0.209630818619583	0.0131317100376459
85244	0.00897435897436	0.20952380952381	0.0131317100376459
85245	0.00906344410876	0.20952380952381	0.0131190346418567
85246	0.00939457202505	0.209416800428036	0.0131190346418567
85247	0.00940070505288	0.209309791332263	0.0131190346418567
85248	0.0097205346294	0.20920278223649	0.0131190346418567
85249	0.0102249488753	0.209095773140717	0.0131190346418567
85250	0.0104712041885	0.208988764044944	0.0131190346418567
85251	0.0104947526237	0.208881754949171	0.0131190346418567
85252	0.0108695652174	0.208881754949171	0.0131063592460675
85253	0.0109140518417	0.208774745853398	0.0131063592460675
85254	0.0110759493671	0.208774745853398	0.0130936838502782
85815	0.0112107623318	0.169074371321562	0.0106853586503239
85816	0.0113722517058	0.168967362225789	0.0106853586503239
85817	0.0114613180516	0.168860353130016	0.0106853586503239
85818	0.0114722753346	0.168860353130016	0.0106726832545346
85819	0.0115740740741	0.168860353130016	0.0106600078587454
85820	0.0116666666667	0.168860353130016	0.0106473324629562
85821	0.0117416829746	0.168860353130016	0.0106346570671669
85822	0.0118443316413	0.168860353130016	0.0106219816713777
85823	0.0121028744327	0.168753344034243	0.0106219816713777
85825	0.0121703853955	0.16864633493847	0.0106093062755885
85826	0.0121951219512	0.168539325842697	0.0106093062755885
85827	0.0124309392265	0.168432316746923	0.0106093062755885
85828	0.0125628140704	0.16832530765115	0.0106093062755885
85829	0.0125984251969	0.16832530765115	0.0105966308797992
85830	0.0126227208976	0.168218298555377	0.0105966308797992
85831	0.0127659574468	0.168111289459604	0.0105966308797992
85832	0.0128205128205	0.168004280363831	0.0105966308797992
85833	0.0131004366812	0.167897271268058	0.0105966308797992
85834	0.01317715959	0.167790262172285	0.0105966308797992
85835	0.0132669983416	0.167683253076511	0.0105966308797992
86235	0.0134529147982	0.140502942750134	0.00874602309457113
86236	0.013698630137	0.140395933654361	0.00874602309457113
86237	0.0138504155125	0.140288924558587	0.00874602309457113
86238	0.0139664804469	0.140181915462814	0.00874602309457113
86239	0.0140056022409	0.140074906367041	0.00874602309457113
86240	0.014164305949	0.140074906367041	0.00873334769878189
86241	0.0144032921811	0.140074906367041	0.00872067230299266
86242	0.01443001443	0.139967897271268	0.00872067230299266
86243	0.0146904512067	0.139860888175495	0.00872067230299266
86244	0.0147275405007	0.139753879079722	0.00872067230299266
86245	0.0152284263959	0.139646869983949	0.00872067230299266
86246	0.0153153153153	0.139646869983949	0.00870799690720343
86491	0.0156950672646	0.122418405564473	0.00764326366090781
86492	0.0161290322581	0.1223113964687	0.00764326366090781
86493	0.0162601626016	0.122204387372927	0.00764326366090781
86494	0.0164609053498	0.122204387372927	0.00763058826511858
86495	0.0165394402036	0.122204387372927	0.00761791286932934
86496	0.0165816326531	0.122204387372927	0.00760523747354011
86497	0.0169172932331	0.122097378277154	0.00760523747354011
86498	0.0169712793734	0.12199036918138	0.00760523747354011
86499	0.0170380078637	0.121883360085607	0.00760523747354011
86500	0.0171755725191	0.121883360085607	0.00759256207775088
86501	0.0171790235081	0.121776350989834	0.00759256207775088
86502	0.0175983436853	0.121669341894061	0.00759256207775088
86503	0.0176211453744	0.121669341894061	0.00757988668196164
86504	0.0177111716621	0.121669341894061	0.00756721128617241
86505	0.0177165354331	0.121669341894061	0.00755453589038318
86506	0.017819706499	0.121562332798288	0.00755453589038318
86729	0.0179372197309	0.105939004815409	0.0065785304146122
86730	0.0182133564614	0.105831995719636	0.0065785304146122
86731	0.0182795698925	0.105724986623863	0.0065785304146122
86732	0.0189473684211	0.10561797752809	0.0065785304146122
86733	0.0190114068441	0.10561797752809	0.00656585501882296
86734	0.0191082802548	0.105510968432317	0.00656585501882296
86735	0.0191570881226	0.105403959336544	0.00656585501882296
86736	0.0193298969072	0.105403959336544	0.00655317962303373
86737	0.0196850393701	0.10529695024077	0.00655317962303373
86738	0.0197486535009	0.10529695024077	0.0065405042272445
86739	0.02	0.105189941144997	0.0065405042272445
86740	0.0201005025126	0.105082932049224	0.0065405042272445
86884	0.0201793721973	0.0948100588550027	0.00593208522936129
86885	0.0207134637514	0.0947030497592295	0.00593208522936129
86886	0.0208695652174	0.0945960406634564	0.00593208522936129
86887	0.0211193241816	0.0944890315676832	0.00593208522936129
86888	0.0212201591512	0.0943820224719101	0.00593208522936129
86889	0.0213464696223	0.094275013376137	0.00593208522936129
86890	0.0213980028531	0.0941680042803638	0.00593208522936129
86891	0.0214521452145	0.0940609951845907	0.00593208522936129
86892	0.0215264187867	0.0939539860888176	0.00593208522936129
86893	0.0215946843854	0.0938469769930444	0.00593208522936129
86894	0.022131147541	0.0937399678972713	0.00593208522936129
86895	0.0221893491124	0.0937399678972713	0.00591940983357205
86896	0.0222222222222	0.0936329588014981	0.00591940983357205
86897	0.0223463687151	0.093525949705725	0.00591940983357205
86898	0.0223713646532	0.093525949705725	0.00590673443778282
87030	0.0224215246637	0.084430176565008	0.00531099083568884
87031	0.0224550898204	0.0843231674692349	0.00531099083568884
87032	0.0225835591689	0.0842161583734617	0.00531099083568884
87033	0.0228898426323	0.0841091492776886	0.00531099083568884
87034	0.0233208955224	0.0840021401819155	0.00531099083568884
87035	0.0234146341463	0.0840021401819155	0.00529831543989961
87036	0.023498694517	0.0838951310861423	0.00529831543989961
87037	0.0235042735043	0.0837881219903692	0.00529831543989961
87038	0.0237717908082	0.0837881219903692	0.00528564004411038
87039	0.0239596469105	0.0837881219903692	0.00527296464832114
87040	0.0240700218818	0.083681112894596	0.00527296464832114
87041	0.0241648898365	0.083681112894596	0.00526028925253191
87042	0.02416918429	0.0835741037988229	0.00526028925253191
87043	0.0243128964059	0.0834670947030498	0.00526028925253191
87044	0.0243902439024	0.0834670947030498	0.00524761385674268
87045	0.0245327102804	0.0833600856072766	0.00524761385674268
87165	0.02466367713	0.0741573033707865	0.00481665039990874
87167	0.025	0.0739432851792402	0.00481665039990874
87168	0.0254372019078	0.0739432851792402	0.0048039750041195
87169	0.0254777070064	0.0739432851792402	0.00479129960833027
87170	0.0256709451575	0.0738362760834671	0.00479129960833027
87171	0.0261194029851	0.073729266987694	0.00479129960833027
87172	0.0261958997722	0.0736222578919208	0.00479129960833027
87173	0.0268456375839	0.0736222578919208	0.00477862421254104
87261	0.0269058295964	0.066880684858213	0.0044617393178102
87262	0.0271800679502	0.066880684858213	0.00444906392202097
87263	0.0275526742301	0.0667736757624398	0.00444906392202097
87264	0.0277777777778	0.0667736757624398	0.00443638852623173
87265	0.0278481012658	0.0666666666666667	0.00443638852623173
87266	0.0279279279279	0.0665596575708935	0.00443638852623173
87267	0.0282392026578	0.0664526484751204	0.00443638852623173
87268	0.0282555282555	0.0663456393793472	0.00443638852623173
87269	0.028384279476	0.0662386302835741	0.00443638852623173
87270	0.0286493860846	0.066131621187801	0.00443638852623173
87271	0.0287310454908	0.0660246120920278	0.00443638852623173
87272	0.0288288288288	0.0659176029962547	0.00443638852623173
87273	0.0291095890411	0.0658105939004815	0.00443638852623173
87358	0.0291479820628	0.05928303905832	0.00413217902729013
87359	0.0297684674752	0.0591760299625468	0.00413217902729013
87360	0.0303541315346	0.0590690208667737	0.00413217902729013
87361	0.0308823529412	0.0590690208667737	0.00411950363150089
87363	0.03125	0.0588550026752274	0.00411950363150089
87439	0.0313901345291	0.0527554842161584	0.00387867111150546
87440	0.0315789473684	0.0527554842161584	0.00386599571571622
87441	0.0316856780735	0.0526484751203852	0.00386599571571622
87442	0.0320579110651	0.0526484751203852	0.00385332031992699
87443	0.0320796460177	0.0525414660246121	0.00385332031992699
87444	0.0321167883212	0.052434456928839	0.00385332031992699
87445	0.0321782178218	0.0523274478330658	0.00385332031992699
87446	0.0321931589537	0.0522204387372927	0.00385332031992699
87447	0.0322580645161	0.0521134296415195	0.00385332031992699
87448	0.032293986637	0.0520064205457464	0.00385332031992699
87449	0.0324675324675	0.0518994114499732	0.00385332031992699
87450	0.0325097529259	0.0518994114499732	0.00384064492413776
87451	0.0328125	0.0517924023542001	0.00384064492413776
87452	0.0330578512397	0.0517924023542001	0.00382796952834852
87453	0.0330687830688	0.0517924023542001	0.00381529413255929
87454	0.0332005312085	0.051685393258427	0.00381529413255929
87519	0.0336322869955	0.0465489566613162	0.00359981240414232
87520	0.0336473755047	0.0464419475655431	0.00359981240414232
87521	0.033724340176	0.0464419475655431	0.00358713700835309
87522	0.0341463414634	0.0464419475655431	0.00357446161256385
87523	0.0341753343239	0.0463349384697699	0.00357446161256385
87524	0.0342639593909	0.0462279293739968	0.00357446161256385
87525	0.0351351351351	0.0461209202782236	0.00357446161256385
87526	0.0357634112792	0.0460139111824505	0.00357446161256385
87581	0.0358744394619	0.0411985018726592	0.00344770765467152
87582	0.036036036036	0.0411985018726592	0.00343503225888228
87583	0.0363864491844	0.041091492776886	0.00343503225888228
87584	0.0367775831874	0.0409844836811129	0.00343503225888228
87585	0.036832412523	0.0409844836811129	0.00342235686309305
87586	0.0375375375375	0.0409844836811129	0.00340968146730382
87587	0.0378973105134	0.0408774745853398	0.00340968146730382
87649	0.0381165919283	0.0363830925628678	0.00315617355151915
87650	0.0382096069869	0.0363830925628678	0.00314349815572991
87651	0.0386473429952	0.0363830925628678	0.00313082275994068
87652	0.03885003885	0.0362760834670947	0.00313082275994068
87653	0.0391061452514	0.0361690743713216	0.00313082275994068
87654	0.0392967942089	0.0360620652755484	0.00313082275994068
87655	0.039402173913	0.0359550561797753	0.00313082275994068
87656	0.0395348837209	0.0359550561797753	0.00311814736415145
87657	0.0396158463385	0.0358480470840021	0.00311814736415145
87658	0.0396825396825	0.0358480470840021	0.00310547196836221
87659	0.0399305555556	0.035741037988229	0.00310547196836221
87660	0.04	0.035741037988229	0.00309279657257298
87696	0.0403587443946	0.0331728196896736	0.00294069182310218
87697	0.0404463040446	0.0330658105939005	0.00294069182310218
87698	0.0404494382022	0.0330658105939005	0.00292801642731294
87699	0.0408805031447	0.0329588014981273	0.00292801642731294
87700	0.0408878504673	0.0328517924023542	0.00292801642731294
87701	0.0410334346505	0.0327447833065811	0.00292801642731294
87702	0.0411160058737	0.0327447833065811	0.00291534103152371
87703	0.0413793103448	0.0326377742108079	0.00291534103152371
87704	0.041456016178	0.0325307651150348	0.00291534103152371
87705	0.0415778251599	0.0325307651150348	0.00290266563573448
87707	0.0416666666667	0.0323167469234885	0.00290266563573448
87708	0.0417149478563	0.0323167469234885	0.00288999023994524
87709	0.0418410041841	0.0322097378277154	0.00288999023994524
87710	0.0420353982301	0.0322097378277154	0.00287731484415601
87746	0.042600896861	0.02964151952916	0.00272521009468521
87747	0.0428571428571	0.0295345104333868	0.00272521009468521
87748	0.0428736964079	0.0295345104333868	0.00271253469889597
87749	0.042904290429	0.0294275013376137	0.00271253469889597
87750	0.043137254902	0.0293204922418406	0.00271253469889597
87751	0.0434108527132	0.0292134831460674	0.00271253469889597
87752	0.0434782608696	0.0292134831460674	0.00269985930310674
87753	0.0439330543933	0.0292134831460674	0.00268718390731751
87754	0.0441458733205	0.0291064740502943	0.00268718390731751
87755	0.0441640378549	0.0291064740502943	0.00267450851152827
87756	0.0442073170732	0.0289994649545211	0.00267450851152827
87758	0.0447957839262	0.028892455858748	0.00266183311573904
87782	0.0448430493274	0.027394328517924	0.0025350791578467
87783	0.0450819672131	0.027394328517924	0.00252240376205747
87784	0.0452261306533	0.0272873194221509	0.00252240376205747
87785	0.0452858203415	0.0271803103263777	0.00252240376205747
87786	0.0456553755523	0.0270733012306046	0.00252240376205747
87787	0.0459363957597	0.0270733012306046	0.00250972836626824
87788	0.0463378176383	0.0269662921348315	0.00250972836626824
87789	0.0469208211144	0.0268592830390583	0.00250972836626824
87790	0.0470588235294	0.0267522739432852	0.00250972836626824
87825	0.0470852017937	0.0243980738362761	0.0023449482210082
87826	0.0473815461347	0.0243980738362761	0.00233227282521897
87827	0.0477299185099	0.0242910647405029	0.00233227282521897
87828	0.0479452054795	0.0241840556447298	0.00233227282521897
87829	0.0483425414365	0.0240770465489567	0.00233227282521897
87830	0.048465266559	0.0239700374531835	0.00233227282521897
87831	0.0485829959514	0.0239700374531835	0.00231959742942973
87832	0.0487364620939	0.0238630283574104	0.00231959742942973
87833	0.0492264416315	0.0238630283574104	0.0023069220336405
87856	0.0493273542601	0.0219368646334938	0.00224354505469433
87857	0.0495412844037	0.0219368646334938	0.0022308696589051
87858	0.0495867768595	0.0218298555377207	0.0022308696589051
87859	0.05078125	0.0217228464419476	0.0022308696589051
87860	0.0509433962264	0.0216158373461744	0.0022308696589051
87861	0.0510948905109	0.0215088282504013	0.0022308696589051
87886	0.0515695067265	0.0196896736222579	0.00212946649259123
87887	0.0518134715026	0.0196896736222579	0.002116791096802
87888	0.0521172638436	0.0195826645264848	0.002116791096802
87889	0.0522496371553	0.0194756554307116	0.002116791096802
87890	0.0524193548387	0.0194756554307116	0.00210411570101276
87891	0.0526315789474	0.0194756554307116	0.00209144030522353
87892	0.0530451866405	0.0194756554307116	0.0020787649094343
87893	0.0532212885154	0.0194756554307116	0.00206608951364506
87909	0.0538116591928	0.0182985553772071	0.0020027125346989
87910	0.0543933054393	0.0182985553772071	0.00199003713890966
87911	0.0544378698225	0.0181915462814339	0.00199003713890966
87912	0.0545774647887	0.0180845371856608	0.00199003713890966
87913	0.0548961424332	0.0179775280898876	0.00199003713890966
87914	0.0550206327373	0.0179775280898876	0.00197736174312043
87915	0.0551351351351	0.0178705189941145	0.00197736174312043
87916	0.0551470588235	0.0178705189941145	0.0019646863473312
87917	0.0557029177719	0.0178705189941145	0.00195201095154196
87918	0.0557432432432	0.0178705189941145	0.00193933555575273
87935	0.0560538116592	0.0169074371321562	0.00183793238943886
87936	0.0567612687813	0.0169074371321562	0.00182525699364963
87937	0.0574374079529	0.0168004280363831	0.00182525699364963
87938	0.0574572127139	0.01669341894061	0.00182525699364963
87939	0.0575342465753	0.0165864098448368	0.00182525699364963
87940	0.0575657894737	0.0164794007490637	0.00182525699364963
87941	0.0576606260297	0.0164794007490637	0.00181258159786039
87942	0.0576631259484	0.0163723916532905	0.00181258159786039
87943	0.0577164366374	0.0162653825575174	0.00181258159786039
87944	0.0581039755352	0.0161583734617442	0.00181258159786039
87958	0.0582959641256	0.0150882825040128	0.00176188001470346
87959	0.0583941605839	0.0149812734082397	0.00176188001470346
87960	0.0589836660617	0.0148742643124666	0.00176188001470346
87961	0.0593900481541	0.0148742643124666	0.00174920461891423
87962	0.0601398601399	0.0148742643124666	0.00173652922312499
87985	0.0605381165919	0.0135901551631889	0.00159709986944342
87986	0.0611439842209	0.0134831460674157	0.00159709986944342
87987	0.0618784530387	0.0133761369716426	0.00159709986944342
87988	0.0620052770449	0.0132691278758694	0.00159709986944342
87989	0.0621621621622	0.0132691278758694	0.00158442447365419
87990	0.0625698324022	0.0131621187800963	0.00158442447365419
88005	0.0627802690583	0.0120920278223649	0.00152104749470802
88006	0.0628571428571	0.0119850187265918	0.00152104749470802
88007	0.0642722117202	0.0118780096308186	0.00152104749470802
88008	0.0642857142857	0.0117710005350455	0.00152104749470802
88009	0.0647840531561	0.0117710005350455	0.00150837209891879
88022	0.0650224215247	0.0111289459604066	0.00141964432839415
88023	0.065371024735	0.0110219368646335	0.00141964432839415
88024	0.0656	0.0110219368646335	0.00140696893260492
88025	0.0669240669241	0.0109149277688604	0.00140696893260492
88026	0.0672153635117	0.0109149277688604	0.00139429353681569
88034	0.067264573991	0.0102728731942215	0.00136894274523722
88035	0.0681044267877	0.0101658640984484	0.00136894274523722
88036	0.0686106346484	0.0101658640984484	0.00135626734944799
88037	0.068661971831	0.0101658640984484	0.00134359195365875
88038	0.0689189189189	0.0100588550026752	0.00134359195365875
88039	0.0691676436108	0.00995184590690209	0.00134359195365875
88052	0.0695067264574	0.00888175494917068	0.00130556576629105
88053	0.0703624733475	0.00877474585339754	0.00130556576629105
88054	0.0704500978474	0.0086677367576244	0.00130556576629105
88055	0.0705394190871	0.00856072766185126	0.00130556576629105
88056	0.0710955710956	0.00845371856607812	0.00130556576629105
88057	0.0711805555556	0.00845371856607812	0.00129289037050182
88058	0.0714285714286	0.00834670947030498	0.00129289037050182
88059	0.071530758226	0.00823970037453184	0.00129289037050182
88060	0.0715990453461	0.00823970037453184	0.00128021497471259
88069	0.0717488789238	0.00770465489566613	0.00122951339155565
88070	0.072186836518	0.00770465489566613	0.00121683799576642
88071	0.0724269377382	0.00759764579989299	0.00121683799576642
88072	0.0733788395904	0.00759764579989299	0.00120416259997718
88073	0.0734126984127	0.00759764579989299	0.00119148720418795
88078	0.0739910313901	0.00738362760834671	0.00115346101682025
88079	0.0743801652893	0.00738362760834671	0.00114078562103102
88080	0.0748959778086	0.00727661851257357	0.00114078562103102
88081	0.0758807588076	0.00716960941680043	0.00114078562103102
88089	0.0762331838565	0.00674157303370787	0.00109008403787408
88090	0.0764587525151	0.00663456393793472	0.00109008403787408
88091	0.0764790764791	0.00663456393793472	0.00107740864208485
88092	0.0766423357664	0.00663456393793472	0.00106473324629562
88093	0.0774091627172	0.00652755484216158	0.00106473324629562
88094	0.0778739184178	0.00652755484216158	0.00105205785050638
88095	0.0784753363229	0.00642054574638844	0.00105205785050638
88096	0.0788804071247	0.00642054574638844	0.00103938245471715
88097	0.0793201133144	0.0063135366506153	0.00103938245471715
88098	0.0794117647059	0.00620652755484216	0.00103938245471715
88099	0.0799220272904	0.00620652755484216	0.00102670705892792
88100	0.0803382663848	0.00609951845906902	0.00102670705892792
88109	0.0807174887892	0.0052434456928839	0.00101403166313868
88110	0.0807339449541	0.0052434456928839	0.00100135626734945
88111	0.0808597748209	0.00513643659711075	0.00100135626734945
88112	0.0820512820513	0.00513643659711075	0.000988680871560214
88113	0.0823529411765	0.00513643659711075	0.000976005475770981
88116	0.0829596412556	0.00502942750133761	0.000950654684192514
88117	0.0829787234043	0.00502942750133761	0.00093797928840328
88118	0.0842105263158	0.00502942750133761	0.000925303892614047
88124	0.085201793722	0.00449438202247191	0.000912628496824813
88125	0.0852842809365	0.00449438202247191	0.00089995310103558
88126	0.086	0.00449438202247191	0.000887277705246346
88127	0.0868306801737	0.00438737292669877	0.000887277705246346
88128	0.0871212121212	0.00438737292669877	0.000874602309457113
88129	0.0873786407767	0.00438737292669877	0.000861926913667879
88134	0.0874439461883	0.00395933654360621	0.000849251517878646
88135	0.0890493381468	0.00385232744783307	0.000849251517878646
88136	0.0896785109983	0.00385232744783307	0.000836576122089412
88140	0.0896860986547	0.00363830925628678	0.000811225330510945
88141	0.0897009966777	0.00353130016051364	0.000811225330510945
88142	0.0901554404145	0.00353130016051364	0.000798549934721712
88143	0.0905752753978	0.00353130016051364	0.000785874538932478
88144	0.0906768837803	0.00353130016051364	0.000773199143143245
88145	0.0915032679739	0.00353130016051364	0.000760523747354011
88147	0.0919282511211	0.0034242910647405	0.000747848351564778
88148	0.0923623445826	0.0034242910647405	0.000735172955775544
88149	0.0929853181077	0.0034242910647405	0.000722497559986311
88150	0.0935779816514	0.0034242910647405	0.000709822164197077
88151	0.0936639118457	0.00331728196896736	0.000709822164197077
88157	0.0941704035874	0.00310326377742108	0.000659120581040143
88158	0.0945512820513	0.00310326377742108	0.000646445185250909
88159	0.0948905109489	0.00310326377742108	0.000633769789461676
88160	0.0954773869347	0.00310326377742108	0.000621094393672442
88161	0.0960334029228	0.00310326377742108	0.000608418997883209
88164	0.0964125560538	0.00278223649010166	0.000608418997883209
88165	0.0969696969697	0.00278223649010166	0.000595743602093975
88166	0.0978934324659	0.00267522739432852	0.000595743602093975
88168	0.0986547085202	0.00267522739432852	0.000570392810515508
88169	0.100358422939	0.00267522739432852	0.000557717414726275
88170	0.100890207715	0.00267522739432852	0.000545042018937041
88173	0.100896860987	0.00246120920278224	0.000532366623147808
88174	0.101176470588	0.0023542001070091	0.000532366623147808
88175	0.101237345332	0.0023542001070091	0.000519691227358574
88176	0.101516919487	0.0023542001070091	0.000507015831569341
88177	0.102161100196	0.0023542001070091	0.000494340435780107
88178	0.102487562189	0.00224719101123596	0.000494340435780107
88181	0.103139013453	0.00214018191546281	0.00046898964420164
88182	0.103448275862	0.00214018191546281	0.000456314248412407
88183	0.103846153846	0.00214018191546281	0.000443638852623173
88184	0.104504504505	0.00214018191546281	0.00043096345683394
88185	0.104795737123	0.00214018191546281	0.000418288061044706
88186	0.105381165919	0.00214018191546281	0.000405612665255473
88187	0.106227106227	0.00214018191546281	0.000392937269466239
88192	0.107623318386	0.00192616372391653	0.000354911082098539
88193	0.108411214953	0.00192616372391653	0.000342235686309305
88194	0.108665749656	0.00192616372391653	0.000329560290520071
88195	0.109500805153	0.00192616372391653	0.000316884894730838
88196	0.109865470852	0.00181915462814339	0.000316884894730838
88197	0.110367892977	0.00181915462814339	0.000304209498941604
88198	0.111570247934	0.00181915462814339	0.000291534103152371
88199	0.111742424242	0.00181915462814339	0.000278858707363137
88200	0.112040133779	0.00181915462814339	0.000266183311573904
88202	0.112107623318	0.00171214553237025	0.00025350791578467
88203	0.114	0.00171214553237025	0.000240832519995437
88206	0.114349775785	0.00160513643659711	0.00021548172841697
88207	0.115456238361	0.00160513643659711	0.000202806332627736
88208	0.116591928251	0.00149812734082397	0.000202806332627736
88209	0.117647058824	0.00149812734082397	0.000190130936838503
88210	0.117878192534	0.00139111824505083	0.000190130936838503
88211	0.117910447761	0.00139111824505083	0.000177455541049269
88212	0.11839708561	0.00139111824505083	0.000164780145260036
88214	0.118834080717	0.00117710005350455	0.000164780145260036
88215	0.119718309859	0.00117710005350455	0.000152104749470802
88216	0.121076233184	0.00107009095773141	0.000152104749470802
88217	0.122511485452	0.00107009095773141	0.000139429353681569
88218	0.123909249564	0.00107009095773141	0.000126753957892335
88219	0.1240063593	0.00107009095773141	0.000114078562103102
88220	0.125439624853	0.00107009095773141	0.000101403166313868
88222	0.125560538117	0.000963081861958266	8.87277705246346e-05
88223	0.127358490566	0.000963081861958266	7.60523747354011e-05
88224	0.130044843049	0.000856072766185126	7.60523747354011e-05
88225	0.130952380952	0.000856072766185126	6.33769789461676e-05
88226	0.132286995516	0.000749063670411985	6.33769789461676e-05
88227	0.134057971014	0.000749063670411985	5.07015831569341e-05
88228	0.136	0.000749063670411985	3.80261873677006e-05
88229	0.136771300448	0.000642054574638844	3.80261873677006e-05
88230	0.141255605381	0.000535045478865704	3.80261873677006e-05
88231	0.145739910314	0.000535045478865704	2.5350791578467e-05
88232	0.146596858639	0.000535045478865704	1.26753957892335e-05
88234	0.150224215247	0.000321027287319422	1.26753957892335e-05
88235	0.154708520179	0.000214018191546281	1.26753957892335e-05
88236	0.156363636364	0.000214018191546281	0
88237	0.181614349776	0.000107009095773141	0
88238	1.0	0	0
