4906
32470
15235
32479
4
19209
8640
9
32713
8643
21789
11277
22208
4913
39998
1135
29487
43410
15244
4683
5101
5102
11519
43181
18799
32720
1143
15254
32496
43426
11524
5110
19220
29733
29735
36463
32731
4936
36703
15268
11530
29742
19239
22230
4942
1167
15272
15273
25788
26203
36717
11546
29751
1403
29757
36486
32751
8682
8688
36721
15285
5147
29768
36497
22250
22256
9118
4968
1189
15297
26229
11567
29771
1424
43701
15536
15538
22266
9125
36741
36742
26230
19506
26239
11573
22505
22509
5168
1439
32781
9130
33201
33202
22279
5407
36755
19515
26243
43488
8954
12005
29796
19288
15550
33212
33217
5410
4999
36766
26254
43497
8965
22523
12019
1451
43732
15565
43733
15568
11833
5425
5429
19533
26268
8975
12028
12029
15578
11847
36781
37201
19548
37204
26279
8980
37208
40203
43751
33240
5446
36792
26280
26281
9412
22556
40218
16012
26525
26528
11862
11866
1723
15833
9422
22568
1492
130
1499
137
139
26533
22802
22805
22806
40234
5701
140
145
43780
26540
26546
33275
44203
11883
5472
5479
19583
33513
23003
23005
5711
159
26550
43794
44211
37252
19598
37254
22590
12081
40251
9457
5726
168
19833
33293
16058
12329
1761
1764
1768
407
33533
9462
9465
40265
40269
5732
172
175
26573
26578
37506
26579
12339
415
1778
26811
40271
23034
33547
23036
5743
44242
27002
27006
12340
12343
12347
40516
37280
2202
9480
26827
33555
9485
40285
33558
9487
9489
23047
5758
26593
16083
27015
9722
1798
2214
33567
23058
5766
16096
37537
27028
33806
30029
442
2228
44503
12601
37541
37544
44274
44275
22885
33815
12375
22889
40546
33580
16341
12616
5788
12618
44284
22892
23314
12387
9757
40556
9758
460
2241
2244
2248
26860
12626
40565
40567
40569
477
2256
44531
34028
40801
37576
16606
9777
9779
30069
483
2269
16372
37813
26886
37816
12644
6232
30309
37581
726
2509
16610
38007
33853
9784
23346
41005
30079
499
2277
26894
27311
44553
40820
30310
12655
6247
2512
2514
9790
33866
16625
30082
41010
9797
30087
44562
30322
6252
30325
741
2520
748
16630
33872
33876
44804
12902
34066
23602
12678
40848
758
33886
33889
12913
37853
37855
44585
34073
34079
30340
23614
13104
13105
2540
2541
2542
38040
34317
41046
27357
12690
45016
23621
40865
6288
2552
2554
2557
16662
41059
37877
37879
45027
6296
38061
27601
44844
27604
34332
34336
41065
37883
27376
45032
38306
2577
16685
41070
17107
34348
12955
30610
37893
40896
41315
38083
38086
16690
38087
16698
27627
34356
12960
27394
30399
3011
17125
30634
6565
20127
23670
13169
17132
34376
6574
6579
2846
23686
34618
34619
27651
27653
17141
45312
34386
34387
17147
45316
23920
17149
45318
6581
30658
38354
13183
13185
24112
23699
24115
41356
6824
3049
45324
13420
23935
20153
13428
20159
45094
45095
16971
45099
24126
45331
27679
23946
20164
20166
2876
27913
34649
24139
30910
6848
27683
45347
23951
28107
28108
13440
23954
7035
7037
2886
3302
38384
16992
34650
17411
16998
41386
45351
28116
13451
23965
41620
41621
41624
20185
38395
41391
30936
28121
45364
27944
30940
13704
20432
30947
3097
38644
45373
45374
23986
34919
7063
3339
17447
7300
41653
13489
24180
17454
6895
20453
45397
28157
13492
13497
24425
31153
27974
24199
28160
38674
34941
41674
41677
41678
3369
45640
17474
35133
41916
13749
7335
7338
3604
38688
34954
17716
31174
42106
10208
17484
35144
30992
13754
13757
31417
38696
17721
41694
34967
31183
17729
42117
10211
17493
28422
35155
31425
17739
42128
20738
3397
17
45673
35164
35166
41942
13774
7366
34984
42130
35403
17748
20740
10234
21
28441
28447
28449
24712
14207
3646
39141
34992
34993
24482
20750
20759
32
28452
45695
35182
38968
41964
39150
17760
45933
35421
45938
10255
10256
40
38971
35193
28466
35197
24730
7390
31462
3661
3666
17777
35433
45947
35435
28471
38985
39404
39407
41983
31475
14238
14239
3675
10508
39178
17783
28714
35443
45959
20789
3918
39415
41991
41996
42414
14246
3685
39181
39187
17794
45966
31727
21215
3927
39423
14251
31498
42428
3698
39193
45975
42193
35467
28739
42199
10290
7662
88
14264
42434
7902
10533
7908
45985
28745
31743
14503
31744
7678
21238
92
42441
25201
35715
4131
18241
45995
35485
18248
35489
14280
25213
10550
10556
4140
4142
7927
35499
21257
42464
10566
18260
14530
21262
21264
21265
31779
8122
21267
8124
39473
39476
39478
42471
25235
4168
28782
39713
28787
39716
29205
14547
21275
8133
32204
8139
3985
4403
39488
25248
42489
7958
4174
11005
39729
29219
14551
31794
42725
21286
18521
42493
18529
7962
10593
10595
11012
4183
39732
18293
29220
39737
42734
14567
42735
32225
10832
8159
4426
35774
25267
7971
21539
39745
29239
8161
8164
32237
10842
10846
10848
36200
35788
36208
21543
21548
8404
39757
29248
42750
15001
25515
10857
4445
18551
25281
14820
8419
32255
10860
4452
25291
8420
21569
8425
11059
39776
15022
32263
18809
21805
4465
21808
36232
32503
21579
4700
18815
18816
25546
11304
29513
19005
21585
32512
8446
4711
18829
25558
32287
4480
10898
21826
18593
29520
18596
19016
14863
32528
4725
29292
4729
32291
43220
15057
32298
32299
11325
11326
4499
25805
11099
4738
43235
15069
43237
8707
11339
19033
15301
15304
4743
15072
43242
15076
15077
26006
43249
11346
11348
1201
29557
19045
1208
32550
15313
25590
25599
43256
26019
11354
19050
29567
8496
15328
22058
4762
18872
15092
29807
8737
19062
25840
15330
29819
32812
32814
19071
1234
1236
29589
25856
43516
11617
36557
32824
22312
22313
8758
22317
22318
1246
15351
25865
43528
29835
36566
26054
26055
43297
11390
11392
32833
8764
32836
22097
29848
32841
1267
1268
26309
33037
29853
26076
32852
9207
25896
26311
43556
5240
37010
19355
37013
32861
32867
22358
1280
1282
1283
1284
1285
15399
43568
29879
32870
40021
1295
1296
36841
26338
5262
22609
5267
43815
15648
40036
11915
5509
19611
19613
36856
43589
11686
11689
5278
1548
1549
15653
43824
22384
15658
33315
33317
5517
33080
44015
12111
5282
12118
12119
1550
37052
37056
15668
40054
11931
5527
5528
36870
26364
26365
26369
15908
12126
1563
201
202
37067
40062
9268
19648
44036
9501
9503
40303
40304
211
26610
16101
33344
40073
26619
33348
1817
36897
44045
37319
15925
40310
1587
33354
33358
11966
5558
5559
1824
19663
19668
37327
44056
44059
12153
40092
1830
1839
19677
22674
9533
33606
9538
5801
5807
2023
2027
43880
43885
26645
16133
11986
11987
12404
1840
1843
19683
1849
12171
40340
23100
12174
22687
33615
23107
2032
26652
44310
16145
12413
6002
6007
15960
15965
40353
23113
9556
264
44323
44325
16158
12421
5596
6012
506
507
44092
26904
23123
40367
277
2057
26674
37601
44333
40603
510
513
517
15987
15988
33644
16404
23132
26917
23137
285
286
16170
26685
16174
27105
37618
30100
12446
2301
2307
15991
23143
33657
2074
297
2078
19964
37621
22962
9822
12455
30116
1895
2313
37397
2089
37631
27121
16198
2326
549
26947
16436
44609
5872
12702
5873
44370
37643
27138
40640
40649
6068
2331
23170
16444
26957
33686
44613
33687
5887
6301
12718
6307
19994
37651
37652
22993
22999
6071
23414
6074
9859
30147
565
569
33690
16455
34113
37666
27157
33930
33933
33935
40663
2354
26975
37902
23197
12732
40906
26981
34131
44646
12741
12744
40916
6337
828
37687
38103
38105
33950
9881
33953
33957
41102
592
26991
16483
44656
34144
30410
6344
37694
27182
37695
37697
2619
38113
38116
9891
30181
23458
41119
27428
12765
40936
848
27191
38121
27194
16734
33978
27436
34166
40940
12773
30437
2638
16742
16743
37952
27449
34177
12781
45107
45108
23712
12786
30443
40958
23718
13206
13208
44924
44925
16757
34415
37962
27450
37963
44691
27454
44695
27457
40960
12793
23720
30455
13216
13219
875
16763
34420
23499
45121
45122
45124
45125
40970
40971
6395
881
2666
16772
27704
41160
37984
27477
40983
30474
30479
16785
34441
6642
37990
37998
38413
40999
38180
44963
20211
30724
30725
20214
45152
27497
45155
30494
41422
38195
27732
17225
41194
41199
2933
2939
45167
41439
3123
6909
44982
34478
30740
20235
38444
38447
23784
13273
24206
6915
6918
3136
27751
27754
34482
45410
45412
30754
7104
38455
38459
45189
41452
41454
3141
3147
27761
45423
13520
20254
13527
30769
20259
38464
45194
24229
6933
3159
17267
17268
17269
45439
30770
20263
30776
41708
7125
41709
2970
2973
38471
38478
34740
17506
24238
20501
3160
17273
28205
20271
13547
7132
7133
2981
2982
3402
3404
38484
41480
17513
41488
3173
17281
30794
31212
30799
2990
31218
3416
34761
6969
3186
17294
28223
28228
7159
3422
6974
10029
38743
45472
28235
45478
7161
41745
31234
17548
24276
45717
20545
45482
45483
45486
28248
13586
7171
14003
14009
35211
35212
24288
35218
13822
13825
7412
13594
24522
41766
7183
41768
35221
38777
41770
31260
41774
7193
41778
20807
28504
13840
13841
38784
39202
31277
31278
10307
3479
45752
28512
17588
18004
18009
31510
31516
7446
21009
3713
3716
24553
31286
31287
31289
10315
45768
28528
20590
21011
7455
31529
3724
24562
24565
14057
42227
3491
10326
35265
18029
13873
13874
7463
7467
10098
39235
35500
14066
42235
20842
20848
18031
35273
24812
7470
14300
13887
13888
31545
3740
3743
39244
42240
42243
20851
20853
7719
18041
24590
14080
10351
28563
35292
24834
14329
3768
39266
17873
25021
25024
10364
20878
7734
28573
28574
18062
31570
21060
24846
31576
42503
42505
42509
3771
17880
18302
7741
39514
28588
21077
10612
39280
39282
17890
28826
20892
31823
20899
21316
28591
39529
14355
21085
3793
39294
18322
42293
31831
10396
31836
10397
18094
18095
24874
42536
14369
10632
10634
28845
29031
39548
24889
35816
28853
18342
35585
28859
36004
7780
7782
21340
31856
8203
8204
39551
29040
29044
14382
25313
35827
35590
28865
36016
14621
36019
7793
8212
8216
29050
14391
35832
14395
25322
35838
32057
25329
10662
10666
28870
18366
25099
14631
31873
39571
29062
39577
10674
21609
4269
18378
36037
32303
18613
32072
25345
21611
4275
28892
18386
39829
14650
21383
32313
42828
4515
39599
18624
43016
10697
21626
11114
11117
29322
42830
10936
10937
10938
4523
29094
43029
14906
21639
29339
14673
25600
8264
18641
35882
18643
25373
25374
36305
14912
14913
42851
42855
15103
15105
4545
18651
36313
14920
14929
8515
8517
29358
1008
14691
32355
8285
32356
15117
15119
18660
11155
25630
8291
8294
4560
29603
14940
11162
39885
4808
15130
32375
21911
21913
10986
11404
36349
14953
14956
22103
11176
22109
4813
1034
29389
32381
25654
18926
25655
43312
15145
10993
21925
43082
22110
22112
4826
29396
1047
25661
32391
43320
32398
21930
5018
29630
19121
36363
43097
14973
14974
11191
11192
32633
22124
11199
1051
1057
15161
8800
21947
29644
19132
19133
25911
25915
32645
36612
25688
43343
36618
1301
19140
36383
19146
14990
14993
15411
32653
8584
32659
1075
15182
15183
26114
36627
43357
21960
8822
36392
19152
36393
36394
19154
25932
32660
8595
9013
4862
4867
36632
15192
26123
21975
29671
25945
32674
9024
11709
32911
22400
11474
1332
19173
29686
19178
25951
15446
15449
4880
5303
18999
32924
22413
32926
8857
5075
22418
5076
29691
19189
32691
22180
33114
33115
11722
5315
22423
8866
11498
1353
9055
33126
11735
29948
15701
8872
5098
25980
33134
1606
26176
37104
15712
32955
32956
22445
1372
26411
9070
1617
19459
15721
8897
32969
36933
33151
43667
33159
11762
11763
5351
5356
19465
19466
22465
15738
40122
1399
9090
33162
19708
11776
19473
15745
33171
33172
33173
33174
33175
26449
44106
12209
29992
37145
37148
22480
32998
33413
43926
36962
26451
43692
33180
26453
43696
11791
5387
12217
9351
40158
26460
12227
12229
302
37168
9365
19740
19742
36987
44132
12232
12237
12239
9609
1677
15786
26713
40175
9377
16207
37410
22753
12242
12245
9616
37187
2109
43963
9380
26723
16212
43966
16213
26727
26728
9387
19763
37424
44157
44158
44159
22764
40426
330
40190
43976
43978
26738
16227
5664
37431
22772
22775
344
26747
26748
5673
2133
26755
26758
5684
1950
19792
44182
44184
44189
23210
23212
22799
23216
23219
5924
12529
6115
1960
604
606
33733
33734
23223
12297
9668
33739
40467
2150
5936
5937
44430
16266
1970
37476
23233
16507
5941
384
26780
40714
6139
621
40485
40488
2171
2178
27211
26799
16287
6142
30216
6148
37496
33763
16524
33767
23256
37736
27224
44465
16299
27227
27228
30224
30228
6158
642
23268
12800
44476
12576
6161
40746
9948
23507
656
2436
33789
12816
6406
37756
12584
13000
34213
34217
5992
5999
904
905
44494
27253
27257
13013
23529
2454
44730
23290
23298
12834
6421
12838
9971
9973
9974
6190
13022
16808
6195
40779
2464
34235
44748
921
23542
9988
9989
13035
692
2475
44751
16584
44755
16587
44758
17008
34249
30516
30519
6449
2716
27282
27287
9995
40797
9999
30287
2489
27522
17018
30522
6454
6457
2720
27294
16830
23562
30290
41220
23568
34263
20020
23806
30534
23808
20025
957
2737
2738
44780
27542
45200
17033
44788
44789
45203
13309
2745
41242
24007
6717
17048
6484
975
17050
34299
23830
30566
20057
38269
16874
13090
27807
30801
30805
27571
38501
17062
38506
30571
30573
30576
990
27812
17300
27814
34542
41272
34545
24033
30815
20302
30816
27586
28000
45246
30583
41510
20071
41514
41515
31003
34550
27592
17086
28015
38529
13351
30595
13356
31017
34563
41291
34566
17327
34569
6761
6765
13362
31025
27845
17338
6778
38540
28037
24304
24070
24074
20340
30854
20345
45281
23897
13386
34827
3249
45520
34595
24084
17358
13623
20354
6797
13629
45296
24324
27875
17365
24096
41801
20363
41805
41807
20369
38575
38579
34845
41574
20606
20607
3267
13643
7235
28072
39003
34850
17610
31070
24349
31079
10105
20618
10108
17380
38821
27898
17388
45559
31313
20389
7246
31319
39016
17621
3281
10111
3285
3286
35052
45568
20391
20395
7252
31326
3524
34873
34874
45803
24366
13900
13906
10122
10124
3296
38841
28338
7263
24607
7267
31338
3531
24372
7500
7506
45586
35077
13684
31343
3543
24384
35314
35319
7514
10149
28356
28359
46017
31351
31356
7288
45831
42053
20666
7522
20669
7525
38872
28362
46021
46025
31363
14123
41878
24639
20904
39067
42060
45845
42061
13942
20671
7535
31609
28374
28378
39309
17914
24646
3571
20914
20918
3579
18100
18108
42077
20688
31618
39316
17923
31382
24659
3584
4007
28620
17695
13968
31624
21116
31390
24668
4011
4013
7567
35604
35606
4023
7809
45884
18131
18135
18137
14400
24913
24914
13988
21134
14408
21136
3846
3849
24681
24684
35615
42344
20951
10443
35389
7581
14412
14415
8001
7587
3859
24691
14180
17967
20961
10454
35392
7591
31664
3864
35633
14195
31900
31906
24940
24942
31675
14435
21164
28915
18407
10471
10473
4062
4068
28683
18173
28686
14440
42612
8030
39388
18411
28926
28928
18418
20994
10483
10487
10489
21418
24965
21184
10721
35666
42395
4080
29120
29128
42631
42632
21192
21193
42634
32122
35908
32125
8055
32128
28942
18430
35675
25168
7871
31942
14703
31949
39640
29134
42643
14476
42646
10748
35680
31952
21442
29144
29147
14484
25417
8075
4341
10758
4342
28962
28964
31960
14726
8315
39662
29152
35935
14498
32154
8087
28971
18460
36120
28978
42904
21464
21469
42670
8090
25434
42675
25439
10772
21700
28988
18476
14740
21472
14745
32409
4600
35952
21710
11201
36145
31992
31997
31998
8347
39690
29180
35960
25455
10793
18490
18492
29423
39936
29427
36157
21491
42938
8355
18738
25467
25469
11220
4393
21737
21738
11229
39942
29433
36169
25703
32432
25705
42946
42948
35988
25478
36405
11231
21748
39956
29445
14780
25711
8374
15205
32447
4640
25485
43145
43149
11242
25720
32450
14795
14796
4652
36420
43154
43156
21764
21767
11255
8628
29464
1116
36196
36198
25733
32461
15224
42978
29701
36436
32705
4902
39983
