53931
2031
65673
196
13600
16768
40101
53754
37209
65981
79053
15630
76552
35268
29457
85441
61711
54375
65634
20832
83676
77021
62003
83673
74482
15690
27056
24524
7629
9104
45737
54116
48757
39515
44861
11261
54827
3128
17013
16515
14585
24257
68810
59479
46948
52387
61215
43461
68356
9371
47923
11851
14206
16096
46612
8433
35528
25959
7924
40322
19747
1922
4151
47475
32917
26433
58943
62226
19309
36180
10189
40292
64062
41566
58286
75897
65526
31543
18702
63534
47513
73335
69771
74711
77794
72992
8786
81326
6254
65168
75286
87871
86507
88210
23893
38717
10272
22575
84358
59191
77500
34098
5810
70471
62532
44141
6192
28771
54814
50509
31868
25826
7240
47125
69966
44582
13386
38635
44033
17231
51901
12383
35863
74960
52884
3907
76915
74213
34540
48332
73338
85983
53071
41151
73895
13868
52825
75411
9663
47329
73700
2424
78399
7371
41371
16561
67875
35157
58795
42961
29037
26231
75504
80310
40420
29635
41382
13595
81798
78326
508
37039
59270
35952
11063
64986
11173
82163
78052
76135
5600
82847
5434
36287
48489
572
5955
59306
72734
9117
75793
23354
5418
42915
83987
18309
47342
3034
63556
10946
9904
50150
32336
39923
36218
18177
21878
87526
13098
59235
67080
174
57453
9520
40719
87339
16042
13365
73503
8450
25080
51798
54315
70866
63676
15264
83011
16059
48316
14075
46729
15711
31991
41409
30396
70542
10410
6650
81099
17194
22731
23174
52876
64502
55744
3645
10828
19969
54605
49586
9166
45776
2224
76841
30948
4016
53050
7252
72872
31517
21080
33023
26750
37848
3798
45449
79233
24346
15976
12575
58241
87900
31585
6242
40682
75483
72532
61512
81795
9507
73502
72269
66133
41051
24961
6719
55513
51101
58272
244
27791
4
1261
43433
42155
81537
8177
63161
31856
1022
29763
13808
22592
30099
21923
19256
81608
56066
65097
83698
78133
65548
80080
59170
23962
49456
37226
44156
47867
27390
30076
8581
86691
44831
60442
17154
56879
83682
16711
83375
71697
76246
29814
30377
64953
78795
60200
66144
10912
83442
87267
76005
46325
14713
15199
47698
76695
41604
69930
55451
45279
42074
22900
60812
26599
52418
78682
56056
11281
64333
13627
26116
54342
71647
30124
60
75328
83734
1491
15480
57463
43533
36778
11609
36688
31170
54791
48915
60698
15978
32802
23940
64078
84707
9969
8337
14741
5126
49213
37817
780
25008
72690
27804
32867
34889
66494
59889
83291
16827
76284
76049
12500
60020
69399
25316
76946
4106
63143
69268
72670
56120
24911
22048
8995
1998
62446
26282
2412
44966
42666
11671
3745
2322
10364
47111
79555
30567
86213
48442
84199
74847
51426
38839
67116
22476
64045
5518
25323
81224
52314
17044
6276
1706
48404
85006
35926
84846
17085
36501
83525
57975
48169
15021
26861
1019
39362
