6660
40562
28757
27937
23612
5787
40324
25090
29147
17433
10304
23071
5072
31946
4471
2806
23358
21865
33463
11678
29479
22492
1475
12859
33245
27197
19694
1597
7233
28889
78
14277
2309
28827
2941
3712
19110
19193
34227
40589
17933
10833
12653
9919
19484
38769
34119
7928
7432
503
6343
20723
6686
37179
10720
9921
25221
2396
4319
18975
29821
1364
25486
14646
19622
34840
35852
41895
5970
27188
8043
22199
42271
13626
40428
25594
22122
3737
26493
38743
30051
8166
19836
1303
3393
11852
33035
23609
33528
11565
6827
40621
24004
10460
1255
35090
27464
42911
40164
7745
9896
41146
32010
28903
37231
28585
34341
27516
34906
2911
20258
6833
12232
16122
42038
9129
31876
19293
21330
21396
16634
21032
23223
16947
20599
28575
32577
23656
16034
41030
40757
36616
34029
14970
39286
11260
19495
28115
15818
2929
30085
9664
37780
29480
29375
15804
17486
32402
26731
15390
31752
35110
40422
13825
29655
17358
3810
23703
35510
4386
22824
22759
28303
4053
2812
18399
7821
25297
27901
20315
33099
14309
18924
6966
820
41832
41225
23041
8591
7026
15839
