9794
14201
9796
2237
13810
1840
16300
1847
4331
11725
11726
19683
19687
10031
15917
18404
18407
6437
20579
11731
11739
14226
19691
2252
12137
15928
6442
6447
8548
20591
20592
1872
20599
16335
4368
21408
14249
10064
13853
11769
14254
8565
10074
1892
4382
2709
2298
3103
3105
524
15969
10089
1012
4802
11782
2715
8580
10092
8588
15979
6907
18466
18467
11798
5212
12192
10515
6914
1033
16384
4826
6922
18487
9410
9417
16390
4835
7325
14717
2747
17206
5233
12624
12626
15115
18902
18491
6934
9422
9424
12638
3157
18917
1061
13039
9437
16827
6950
1071
589
6957
1078
4860
19320
14742
14743
17234
21499
13051
18937
597
9452
4873
17248
5275
5279
1502
6978
9469
16859
4888
7370
7372
7378
1515
1517
1518
13079
4004
9472
9476
19359
21935
17260
12681
12685
3618
6108
18964
11400
19365
21941
7390
5712
5714
8200
12691
18972
13092
1537
4026
9492
16883
21950
14792
5727
8219
3633
18981
1545
16002
20267
16003
4033
21964
21969
17292
17297
8221
15610
15612
18104
3649
1556
18998
11430
4046
5740
8235
6149
13538
20286
1568
4052
16029
11443
4056
4059
21984
9943
11451
19820
3671
202
203
6163
13556
11466
6170
13560
13562
20725
13566
16052
9966
4087
5785
15663
18150
20739
9971
7884
7885
17760
5793
10201
15671
18160
13585
13587
7007
15688
6616
13594
11911
14400
8718
18185
20761
6627
9113
20767
16090
16092
11925
4536
17798
8721
6631
6634
9128
9129
7036
21173
19899
10240
8737
10245
18612
19012
19019
2466
6652
286
9146
4563
4567
4568
19027
19028
21190
21192
2472
22008
8757
10268
18634
18635
4575
11969
21613
14453
21618
12362
10272
711
18643
7075
2498
8772
10282
6683
16561
16562
16566
4591
11983
19055
7086
5404
22030
22037
3319
8785
1225
1226
6694
2921
7509
2925
5412
10710
3328
743
13209
11114
9190
9198
16589
14493
2935
14498
5429
22052
10728
13215
754
13219
7527
12829
13228
18696
11130
9623
11133
11136
19503
7530
19090
21672
2955
21679
3352
3353
3355
10744
13235
9633
14934
10755
10759
11152
21697
2979
12850
5468
3375
20412
797
11163
19531
2980
14956
17448
5477
15354
10770
10771
3385
3387
1705
1709
19540
19544
2995
10780
3808
11182
19554
15375
10793
20440
10798
1723
11195
7596
14986
8406
12897
3827
20454
1735
14104
9699
19573
12012
5929
15395
11627
19587
19588
2147
19589
12022
17491
12027
17492
12029
8429
18301
13727
20473
20478
14124
2151
14129
19599
12034
12037
8430
3858
1768
11641
17926
5954
12049
5956
15834
3868
18326
16230
16233
14146
17938
12058
20914
20918
1785
21310
21316
3884
20925
20926
13764
16255
4281
4284
11674
17952
27
13771
16265
16266
4708
21330
14172
2618
2619
17962
8480
15872
8483
6807
18366
6396
7209
2627
8900
17978
3020
8902
3027
8492
15884
8498
18372
13794
20958
16282
16287
5126
15002
18380
20969
14614
9320
9323
17115
12531
15026
15027
477
14637
17122
10456
10459
480
9343
20997
4760
4769
21393
91
10464
10465
6867
6869
16746
4772
19231
4777
21810
19239
7267
2684
5171
5177
911
18848
19240
7278
14667
12576
3506
8972
15066
3508
3095
9371
21830
7284
21836
10908
18860
20142
6894
11303
19261
19262
14680
10913
3525
10917
6015
18870
13407
1433
9803
11314
9391
7719
17183
8116
10923
15093
13415
18885
1446
9813
11323
7723
19284
21864
17608
965
20175
18899
11334
19291
18013
18014
6044
13436
976
6049
5656
5659
15532
8144
15537
3567
6052
20193
1472
7755
17636
8154
3577
13450
20612
992
996
20619
13459
11363
19733
3581
113
6077
1493
9864
21021
11378
5687
8177
121
15569
18050
10985
3599
13470
13479
9870
4408
9878
19752
17665
5692
17669
5694
131
135
10997
13481
18069
2323
19765
8606
8192
15583
142
15588
145
147
6514
6515
13495
20659
9007
2338
17685
17686
8611
153
157
13914
13915
6529
16406
19781
21066
2347
163
6532
18094
18098
9020
13929
16413
14321
19798
8631
8632
179
16423
14331
14336
12243
8648
10159
18526
188
1974
21503
21506
10164
10165
10168
195
16443
9056
16448
11865
21514
2387
10172
8665
10179
18543
9069
11876
14367
10183
18550
10189
1112
1119
9079
11889
14376
14378
5306
3217
3218
8684
18560
637
18565
6594
9083
2824
21547
3221
646
13995
9505
13996
14800
14802
15207
1145
1148
1149
4930
4931
17308
5337
1153
9529
19407
21572
2854
17314
10648
13131
16927
19412
11049
19414
7445
21589
12743
12747
15237
13145
1174
19423
21591
14848
5361
1181
11063
7464
14856
7468
1604
9562
7471
14862
2009
5381
3700
10683
3295
13172
13173
13174
1616
20339
4100
4108
16967
4993
17363
5395
3715
6204
1623
1628
16974
11509
7903
14881
5819
3724
15289
13609
13194
13195
13196
2039
17383
15706
3732
13611
16100
11522
11523
5838
15711
1654
16114
1659
16117
14024
5844
15724
8335
13630
6246
14032
14039
2067
15733
20800
6252
11551
16139
11559
19923
21206
19927
14048
2078
8359
3774
3775
13650
1682
13658
16140
1686
1689
4171
16149
21211
14050
14054
14056
2083
14059
7969
17848
5876
5879
15752
18243
18248
16153
14060
17853
15768
18250
324
326
18253
13670
13674
4607
4190
11580
2513
5009
20847
6298
21242
19964
14087
2529
5012
5019
12409
348
13690
16181
16184
7112
7119
19974
2536
14098
14099
17880
17888
10320
8813
6720
18284
16193
4639
16199
14514
14516
14517
17898
8821
8824
362
18707
20873
6739
16610
16611
7131
19991
14527
17010
2556
12436
10344
377
379
9236
7145
2565
5056
12445
9248
9249
19129
2573
5068
5069
20011
18738
6763
9253
7169
8863
20023
9265
21727
21729
5080
3405
6785
16666
9278
19157
19158
21734
14576
12486
10800
6790
6792
1329
16672
16675
12907
12908
10813
18778
16688
7617
17084
12916
12917
17087
10822
10825
1344
18788
9713
11227
17500
10836
10837
13326
18795
1355
9723
11234
15421
3455
13334
13335
9737
11245
5557
12947
15434
15439
10857
13340
20508
886
887
9740
7654
7658
21793
8050
15449
892
1380
1381
19632
12960
17548
5574
1800
13368
19648
15460
1811
13379
2215
7687
3911
8085
8086
6400
10896
11701
9789
7694
12996
3924
13803
20554
13392
13809
1837
11710
