4907
1128
29479
25740
25741
32470
32475
25747
42989
32478
11503
11507
18786
29713
36441
36442
18789
29716
36447
19209
6
8642
32714
22202
8645
22209
39992
29480
39993
39999
4685
4686
4689
18790
5108
18791
18793
19217
36458
21793
8653
21799
8655
22219
4923
1144
1145
29497
29499
15253
32495
25769
15259
4692
4695
11528
5113
36462
29735
36468
8660
8662
8663
11299
32739
8669
4934
1151
4937
1159
25770
15262
25775
36703
15266
36709
8904
36470
19231
19233
29746
29747
36476
32741
32742
15505
8675
8676
22236
15509
22239
4940
4943
4944
4945
1161
4948
1165
1166
36710
15277
26204
15278
5138
19242
1406
19245
1408
1409
36489
8680
15512
32754
8684
8689
9104
4951
4953
1173
4959
1178
15281
36724
26215
36728
5140
11558
11559
29762
19255
19258
15520
32762
15528
22257
22259
1180
1186
11562
8931
11565
8935
1421
29773
1423
29776
19266
1429
19268
32774
32778
15539
22267
9129
4975
1191
36741
26231
36745
26234
19507
26238
11575
11578
8947
5167
1430
1435
29789
15541
22272
15544
15546
33201
32789
9135
9136
9139
4987
26241
19518
26246
36759
11582
11585
8954
29790
1443
29798
29799
15550
22282
15556
32797
15557
9144
22289
4991
4992
4995
11825
11828
4999
36762
19521
26252
36767
26257
11595
12010
11597
5182
12015
22528
12017
19292
1454
19293
1455
15563
33221
15568
33226
11830
33228
11832
33229
11833
11839
5423
36772
19532
36777
26269
15801
15804
22532
15805
8976
15808
22536
5199
12029
1463
107
15572
33232
15579
5436
5438
36780
19545
37203
15811
37209
15812
40200
8987
12032
22545
12033
15818
12034
9403
40204
1473
111
1474
1475
114
119
15586
9171
15588
33245
11852
33249
5449
19552
26280
36797
19557
26288
15820
12041
22554
40212
40213
40219
1481
121
126
15591
15594
15595
16010
16015
9187
33259
9188
16018
5452
5455
1723
19562
37222
26296
37227
15833
15835
9420
40222
15839
9424
40226
1491
1496
26534
33263
19808
26538
16029
22804
1730
19572
1737
37231
19578
15843
33500
22575
33506
22579
9435
5702
5704
144
145
19814
19818
26546
16034
11883
22814
11888
5472
1740
1741
15852
15854
12072
33513
15859
40242
22588
12076
23003
33518
12078
5715
154
156
159
33280
16040
19825
26555
33289
16049
22822
11897
22824
22826
12314
5485
12317
19595
19596
37252
22590
22594
40253
33526
33528
12088
9458
19836
19839
16055
22833
12322
22836
5495
12326
22839
5499
37266
26802
15875
26804
26805
26806
26807
5731
19840
19843
19845
19846
16064
16065
16066
16069
22842
9700
9701
22846
22849
9709
1771
412
1777
1778
417
37278
33541
40270
23030
26816
33544
40272
16303
23032
26817
33545
9475
16305
23038
5743
5747
26580
37511
16071
16073
16074
26587
37515
27003
27006
27008
9711
9712
40514
40515
30003
30004
1784
37288
33552
15898
23041
9487
16319
23048
193
194
196
37521
19866
27016
22863
9723
40523
22869
30012
30013
40526
30015
1796
2211
435
438
2216
2217
2219
26834
16322
26837
9495
40295
26839
9497
40298
9499
19872
16090
19875
19877
27021
37536
22870
33801
22874
33805
30028
449
16332
16334
23063
33578
5776
12608
19882
19887
19889
37549
27037
22882
27039
22883
12371
9741
9742
40543
23303
40545
9747
30034
40547
12379
30035
2238
26850
23071
23073
33587
34002
16348
23078
5784
5787
6203
19893
27041
27047
40552
22898
40555
9756
23314
9757
30044
2249
26869
33598
12625
5797
5798
6215
700
703
37560
704
27050
27051
27055
27056
33833
9763
40562
40563
30051
30052
12398
9768
40567
30055
30059
475
2253
478
2258
16361
34024
12631
34029
12638
6225
713
718
37578
33841
23331
30060
16609
23339
2264
2269
37812
12643
12645
30301
6234
40818
6236
6237
6239
725
37582
2507
37587
38002
27079
38008
40581
9782
16618
41001
40589
41003
41005
41009
2278
2279
26894
27313
27314
37827
34043
34044
34045
34049
12653
6240
30312
6248
30319
27080
37593
27081
38013
33862
40591
40592
33868
9797
41012
30085
23358
41015
41017
2286
16393
16394
27323
37837
30320
12666
6256
27091
27092
2529
16630
16632
16634
23363
23364
30095
41023
23369
41024
2295
27334
34063
12675
6260
23603
30331
6261
40846
30336
23609
6268
6269
2531
754
758
2536
2538
38033
38034
33882
23373
34301
41030
34307
41035
34308
12911
41038
12914
6501
12919
27342
37855
34074
27347
34077
12680
23612
12685
30341
30343
12688
6273
2543
38042
38043
33893
16656
34313
34315
23389
34318
6510
6516
6517
34086
12692
12693
12696
13112
30353
13113
40868
13119
772
2550
2555
2558
38057
23391
16665
41054
12935
6523
12939
6525
6529
34090
16903
30361
30362
40875
40878
13129
2560
783
786
787
2565
788
2567
2569
38063
16671
16677
34333
12943
30602
37880
37882
2805
37884
2806
27373
27378
23640
23641
40883
30371
16916
23646
41302
41306
41308
792
2571
2574
2577
38070
38071
16681
34341
34342
41070
41076
17108
12956
6543
6545
20104
6547
20105
2812
27381
2816
38310
37899
27388
16920
23652
13142
23656
40898
30386
30389
2588
16692
38089
27624
16699
27627
17118
34359
12963
12965
30620
12968
30624
6555
6556
30627
20115
2822
2825
16932
30397
41326
2594
3014
3018
27632
34363
27636
41093
17126
12971
17128
41097
12975
23909
2830
38334
16942
16947
23676
34605
34606
41334
6807
3024
27641
34370
17135
12980
34378
12986
30641
6576
6577
20135
6579
20139
2848
16951
16954
23688
34615
13177
6812
3037
27650
17140
17141
27657
23920
12996
20142
20143
13415
6587
20147
2853
38354
23692
23694
41350
23698
34625
24114
6822
6823
6827
3047
27661
34393
27668
27669
6591
30663
6595
23938
20155
13428
30669
7013
2863
7019
2864
38360
38363
27901
27903
16977
27909
6830
6831
30903
6833
30904
30905
6838
17161
23941
30670
23944
23945
41601
13435
23948
20167
20169
2870
7026
38371
38377
16981
27910
34645
24136
6840
6841
3060
3063
30919
17170
27686
23951
28108
13442
23958
31101
41614
38387
3308
17412
16999
27927
24143
27928
17419
30921
6854
20412
27692
17180
28111
27697
28115
28116
23965
30693
13453
13454
30695
41622
20186
41628
31119
38390
38395
3318
3319
17420
17421
34664
24152
27937
34665
24156
17429
30931
6864
3080
20423
3081
20429
3088
17193
17198
38638
28126
23971
34902
13464
41632
23978
20194
23979
34906
41639
3324
27940
27945
17433
34674
17434
34676
24164
24166
13701
20430
30943
13704
20433
6875
6876
3095
38641
28131
28134
28137
23984
34911
23985
41641
13473
24404
31134
7064
24408
3330
3334
27955
17443
24178
6883
20445
38658
13480
13484
34924
31141
13489
41657
41659
17453
35110
17456
24184
24186
17459
13721
20450
30964
13725
20454
7314
20459
38662
28150
38664
24420
41662
24422
24424
41665
7086
24429
3352
27971
17460
24193
38906
35125
35128
41902
41906
13739
7324
7325
7326
7329
28162
34942
41673
7090
41675
7092
34948
7094
31169
3369
27986
17479
35137
30981
30983
20472
30986
7330
41915
20476
7332
20477
31405
20479
7337
38682
28172
39100
28173
3609
39103
41680
34952
31171
34956
24448
24449
31179
20710
38920
17481
17484
35140
17486
28417
35145
35148
20480
31410
41923
30996
7340
31412
30999
31415
7344
3611
3614
28181
38697
39111
38698
34960
34962
34964
31180
31183
17728
31186
42115
10210
20723
20725
10215
20729
10219
17492
35151
38938
35156
28429
20490
41933
31421
7351
20498
7357
7358
28194
17730
34973
17734
17735
34977
34978
42124
20731
20732
3393
20736
20739
10228
38942
35160
38945
19
35161
28434
38949
28438
35166
35167
24700
13774
13777
31437
31438
39133
39138
34982
17748
24479
20740
10230
7601
20746
7607
25
38954
28442
35171
35179
41950
13788
24716
7373
14203
14206
3641
39140
39141
39145
39148
17752
17753
24482
24486
17759
24488
35418
42147
28456
24720
13793
24723
41965
24725
7382
7384
14218
3657
35424
24497
7620
10251
7622
10254
20768
38972
28465
41973
24733
14223
14224
7398
3661
3662
3666
39167
17772
28701
42161
28706
20773
10263
31704
31705
10265
20779
10268
7639
3902
38982
3905
38986
3908
28474
31470
24742
24744
41988
41989
42404
14237
31479
42409
3677
39172
35444
20781
18209
20782
31713
21206
63
3917
39410
28484
38997
39413
39415
39419
14240
14247
14249
3683
10513
3684
10514
4102
4103
39186
17790
39188
28722
35450
17797
42181
28727
18216
42187
21210
21211
31724
10284
10285
7656
21219
73
74
28490
3925
28491
78
3927
39422
28498
39427
24760
24761
31493
42426
42429
10526
39190
3697
4114
39199
35460
42190
42191
28736
18224
42193
18226
35469
10291
7663
10296
31738
31739
3933
88
3936
39436
39437
39439
42432
42435
10531
7903
7906
4123
35471
14503
14504
96
98
3947
42441
14274
14275
24788
14276
42445
14277
14278
25208
4135
35483
18244
28757
18246
18248
31752
7683
14513
31758
7689
3951
35720
24794
42451
24797
42456
10551
10553
7923
10554
4141
7928
28761
28763
28765
28766
18255
21250
31763
21254
7697
8116
39461
39462
39466
39469
35731
25221
42462
42463
35736
14296
14297
25224
42467
4151
7939
4155
4158
18265
31773
21261
14534
21263
14536
21264
31779
8123
3970
8127
8128
10805
3975
39476
39479
18501
35742
18503
25233
42474
35748
42476
35749
10572
10574
4161
10578
21509
4167
4168
28785
18275
18278
29206
29207
42710
21272
32200
14546
32201
42714
14547
21275
32204
14549
32206
42719
8137
10812
3989
39484
39489
35752
42484
42487
25247
25249
10582
7951
10583
21516
11008
28795
29210
39723
29211
18285
29212
39727
31791
42722
21284
32211
32212
42728
32219
10825
3996
39496
39499
18526
18528
42499
7960
10591
21520
21523
10597
11014
4186
11016
11017
39731
18294
18295
18296
39736
29225
18298
39738
29227
14563
14566
42734
21295
8152
8155
32226
8158
10833
10835
18531
25263
18536
7973
11021
21536
21537
29232
39745
42741
14576
8166
32238
35780
25272
35786
25277
21541
7984
21544
8400
11033
7989
11036
29241
29244
29249
42752
25512
42753
8170
25513
8174
32245
8175
25519
32248
32249
10853
15009
10856
4442
35791
25284
35799
36213
25287
25288
7990
14824
11040
11047
11048
8418
39760
39766
29253
29257
42768
10860
8186
10863
4450
4454
4457
18560
18565
25297
36226
14837
39770
39772
39773
42771
25532
42775
32269
10873
8199
21804
4464
21808
18573
29501
29502
18576
29507
36235
36237
8430
32501
11063
21579
32507
8439
39783
29271
39788
29278
25540
42781
25541
42782
25542
32270
18815
15032
25545
32276
4471
4479
18582
18583
19000
18589
19004
29518
36248
21584
11072
32514
22002
8445
22003
8447
32518
32519
4711
4712
39796
29283
39799
18823
15041
32282
18829
10891
32289
21821
10898
4483
4484
21828
11316
4487
18593
29520
36250
19011
29527
19015
36256
14861
19017
19018
21592
32521
21594
11081
8453
8458
11089
22017
4722
4723
29293
25560
25563
21832
4491
11322
4498
29535
14871
32535
11098
8468
4733
4739
36500
36506
15069
21841
11330
21844
8702
11335
11338
29542
29546
19034
29549
22030
25817
25819
4749
18858
36516
21855
21856
11345
11347
1202
36282
36283
1209
19049
14893
14894
14895
14897
25825
22041
8484
8486
22044
32557
8489
4753
4756
25592
25594
36522
15083
18868
26011
25598
26013
26016
21861
21863
8720
21865
21869
19057
32562
32563
25838
32567
15328
8499
15329
18871
18872
29803
26022
15096
26024
36539
21871
32801
21875
29571
1221
29573
19065
1227
15330
25843
22061
32577
32578
15338
11600
18884
21881
32810
8741
32818
11378
19074
1237
29588
19076
15340
25853
25854
32583
32584
15344
33001
22074
22077
33006
33009
11614
11615
11616
5200
18891
29821
29822
19312
36554
26042
29827
36558
26049
11381
8753
8754
21899
22313
32826
32829
1242
19081
1247
19086
19087
25861
32593
22081
32595
22084
4797
5219
29830
26050
26051
26054
36567
19328
11394
22326
8769
1251
1252
19090
19093
1255
19097
25870
25872
36800
36808
36809
22097
11632
5222
5223
5228
19330
19331
36573
19334
26062
8776
8778
1267
15370
15371
26300
25888
33032
36818
26306
33035
5235
5237
29853
26072
29857
37000
36586
26074
37007
37008
32852
15613
15614
9201
15617
8789
9206
1272
1279
36820
25893
26311
36825
26312
15387
15388
26317
5243
29861
1514
29865
26081
37013
19359
37016
37017
15620
8792
15624
8798
40012
9218
1285
1288
15390
15394
15395
26324
26329
11660
11667
1525
37021
26094
15635
9223
22368
11902
40028
11905
11909
33060
26336
36849
11675
5260
22604
11678
22608
22609
1530
29884
19371
29886
19374
29887
19375
19376
37032
37038
15642
22374
32888
40032
15649
33305
22378
19613
36855
26343
19616
33072
36858
36859
11680
11685
12103
5276
5279
19384
29897
19388
37047
37049
22380
32895
15655
40042
9244
9249
11926
5517
5519
36860
19622
26355
36869
33085
11696
22627
12118
5289
1552
19391
1555
37051
22391
33321
22394
15668
9252
22396
33324
40057
5520
11936
11937
11938
5524
5525
33091
26364
33094
26369
33099
15904
12122
22635
5294
12126
5299
203
37060
37064
15673
9260
9261
26605
40062
40063
9269
40069
5531
11947
5537
19641
19642
36883
26371
26372
36885
37305
15910
22640
15914
22642
12131
12134
40309
1571
1573
217
26612
33340
15685
26614
9272
26616
9274
33345
11955
5541
5542
19651
36892
26380
36895
19654
19655
37314
37319
40311
22657
221
1589
227
2004
2005
37085
2007
37087
9280
26624
40084
9287
5557
1820
1824
1828
26394
37326
37327
22660
15935
15936
22665
40321
9525
40324
9528
1590
230
37090
1597
2013
33361
40090
16122
19908
9295
26639
16127
33368
22901
5561
5565
1831
1832
19676
15940
9530
15948
9534
9535
12166
40337
2020
2022
26646
16134
16135
11985
22912
11987
22918
5579
9540
33612
40342
9543
23103
23104
23107
5816
2035
19920
19921
26650
33380
19925
16143
19928
33384
33385
11998
12414
6002
12418
5589
12419
19690
1855
19694
1856
19696
19698
37355
15960
33620
33621
15966
22698
23113
40354
9556
40356
40358
262
263
2043
2045
2047
2048
16153
19938
33396
16156
33397
22931
1864
503
1866
504
1867
37363
37364
37367
15971
15972
12192
40361
33634
33636
9567
9568
23128
23129
273
279
26672
16162
26675
16167
37607
16168
22940
22944
40600
12436
9809
40608
510
37373
519
33640
33641
26915
15989
33645
23134
9578
2060
283
2063
26682
16172
37612
19958
27106
22954
22955
9811
40614
30102
9819
6035
1887
2308
37387
2309
26920
15994
26923
16412
26925
23142
33656
16415
26929
40386
33659
16419
23148
5851
2071
295
5858
296
19961
19965
26693
26696
26697
27112
27113
37626
22963
22964
40620
40621
30112
40625
30113
6043
533
534
2313
40394
9596
23155
23157
40399
5866
2083
16191
19976
37632
16193
37636
16197
37639
12464
22977
30121
6051
9839
6056
544
26940
16431
16432
26945
33673
33674
16433
26947
23167
5874
2094
2097
19988
27136
27137
12472
9842
12474
12475
40643
22989
40644
6062
33918
30134
23408
2330
2332
558
23171
33684
16444
23172
12714
12717
6307
37650
37655
12480
9850
33921
30141
40654
23416
40657
23417
30149
2341
26965
23184
23186
33699
34119
5893
12729
802
808
809
9861
12494
33935
12496
9865
33936
30152
6082
9867
30153
6083
33939
23427
30156
2350
573
26971
26972
16462
26975
37905
23197
34126
34127
12730
12731
34129
37670
27162
27163
37678
27169
9870
9871
23430
30162
33947
30163
40676
16708
40677
30167
30169
16470
16472
27401
27402
34133
34134
34138
6330
6332
30405
820
27170
2605
2609
38104
40681
9883
9886
33958
30174
30179
592
2370
596
2375
26990
16483
27410
26998
37926
27415
27417
34147
12751
30411
40925
6342
6343
30419
834
839
27183
38115
27188
9890
16722
33965
9896
9898
40697
16491
27420
27421
27425
34155
34159
12765
30426
2624
849
38120
38121
27197
16732
16734
23464
33977
16738
23468
41124
41126
2393
2396
37943
27433
37946
27438
12773
23703
23704
40948
40949
6368
852
2636
2637
38136
16741
38139
16742
23472
33987
16748
16749
6602
37956
34174
27446
34179
6370
30444
13205
13206
13208
860
2645
38144
33991
38148
33993
16754
16758
34414
41144
41145
34418
41146
41148
6611
6615
6616
37961
27452
37966
27459
34187
40961
40964
6382
40968
6387
6388
871
875
2652
34420
34421
16767
23496
41152
23498
41155
6626
27463
37976
37977
27464
13222
30466
6397
883
886
888
38167
16770
16771
16779
34434
27707
6637
30708
2904
38401
2908
38402
2909
27479
38409
40988
41404
13238
2676
16780
16783
27711
17201
34442
41171
27717
34447
17209
20201
30714
30715
6647
30719
2910
2911
37991
27482
30480
40993
40994
30484
23757
13245
16796
16798
41183
17217
20211
2920
2927
27494
2929
38427
38429
13251
41424
2694
2696
3116
38196
3118
3119
38199
27733
41191
34464
41192
34466
6660
6665
6666
6667
20229
2930
38431
23773
13261
41431
34704
23779
34708
6901
3120
3128
27740
17230
17234
17235
13504
20232
30746
6677
13509
2941
2943
38440
2949
38449
23781
41440
13273
23786
13275
41444
34717
41448
6912
3135
30750
13512
13515
7100
6686
7105
2951
38450
2959
38458
23795
34722
13285
34726
41457
24218
3149
27761
17250
27764
17253
17254
34497
6690
6691
30763
6693
30764
13524
30765
20254
6698
20257
20258
2962
38466
38468
41462
34734
41463
34736
24225
34739
6935
6937
3157
27773
17264
38705
17267
13530
30773
20261
30775
7122
41706
41707
38470
38474
38479
17502
34743
41472
24232
41473
41479
20502
20503
6949
3169
27781
27783
27784
38712
17275
17279
30780
30781
30782
13542
31200
13545
7130
20274
20275
41716
7134
41718
20278
2986
3406
34755
17516
24249
6952
3172
3173
10008
27795
28211
28212
28215
28216
20280
13558
31219
3410
3418
34767
41497
6965
6966
20526
3184
10016
17291
28223
28225
13564
41734
20296
7159
3427
24260
34773
24266
24268
13802
20530
13803
20537
20539
38743
24500
41743
41745
7162
31235
3430
3434
3435
3439
24271
24272
17545
24276
13811
7401
28247
13581
41752
31240
13587
7174
14004
41759
31248
17553
35214
13822
20551
20552
13825
13826
20555
13827
7412
13828
10044
13829
7414
10045
28250
38765
38769
13591
24522
31251
14012
31254
14017
17562
17565
35229
20561
20563
7421
7422
20566
28267
14020
31261
31262
17809
14025
41779
14027
7197
14029
20807
3469
28501
28502
35234
13843
31500
10061
20574
13847
7432
31504
7439
38788
17811
41784
14033
14036
14038
20812
10304
10305
17583
28512
28513
35242
28515
18003
28516
18004
20580
20581
13854
10071
13857
21000
7443
7445
31516
10078
31518
21009
3712
3713
38794
38796
38799
24550
17826
31282
41797
41798
14045
41799
42214
42215
10310
20828
10316
10317
3487
35250
17595
28523
35252
17597
35258
13861
35259
18019
13866
21010
31523
10083
31524
10086
20599
7458
31529
3721
28295
39224
39227
17832
17833
42221
42222
14055
24569
20830
20833
3494
20837
35260
28533
35263
35264
18025
24803
10091
24804
31532
10092
13877
31534
24807
10095
31536
21024
21028
3737
39238
17841
14063
20840
20841
20846
28545
13881
18038
13883
13885
14301
13887
21031
7474
21032
14305
31546
14306
14308
14309
21037
39240
39241
3749
17851
39248
17853
17854
24582
35510
35515
35517
42246
14079
42247
10340
10341
10342
20855
28559
13890
35289
31551
7481
21046
3750
3759
17868
14087
25015
35529
25019
10352
20868
28566
18056
14320
31561
14321
14322
31563
7494
24837
31565
7495
21053
7498
7499
28802
14091
28803
17877
35533
35535
28809
42267
31801
31802
31803
10364
31804
31808
28575
28576
39503
24843
24845
42501
24847
21063
31578
42505
14338
31579
3775
10606
10607
3778
10609
28810
42271
17889
18303
25031
28816
25034
35548
20880
35549
25037
21302
7745
21304
28582
18070
28583
39510
28585
29008
14341
31584
21071
21072
42513
32002
32003
14349
10612
3782
4200
3787
39286
35550
35551
17897
28825
28827
35556
28829
25045
35558
42289
10380
10381
7754
21315
10389
28592
28595
28596
18087
39527
39528
24861
24867
21083
32010
42523
32011
10623
3793
3794
3798
10628
4212
39292
4216
39296
28832
35562
28835
35564
42296
21320
21321
7765
31836
31837
21325
18093
39536
39537
14363
14366
32022
35807
10639
4229
35570
25060
35575
25064
25067
21330
7775
31846
14607
31849
29032
39545
39546
39547
29036
24887
32032
42548
25309
32037
32038
10642
4231
10649
4235
28854
35583
18343
28858
18349
7781
36009
21341
35820
42550
42552
42555
42559
28860
18351
36011
36012
35599
36015
25089
7790
14621
7794
21352
14625
21355
8211
21356
8212
21359
39562
29050
29051
39564
29053
35832
42564
14399
42569
10660
4256
25090
18368
14632
31873
21361
31874
14634
31876
14637
42807
8223
21368
10904
10905
39570
39572
29065
35842
32061
25335
21602
10679
4268
28886
28889
18377
29306
18379
31881
31882
21370
42812
21372
21373
14646
21374
21378
8237
32308
32309
4500
4501
10919
39583
35852
42580
25341
25344
10680
32078
4278
28891
39820
36041
36049
31895
32310
42825
21386
10926
4515
4517
4518
29084
29086
18620
18622
18623
35865
18626
42597
25358
10691
32088
21620
4281
11113
4287
18390
18393
18395
39838
18399
36056
36058
21390
21393
21394
32323
21396
8254
8256
32329
4529
29097
29099
35872
32091
32092
18637
25366
43023
21637
4296
4298
36060
29332
39848
14676
14677
14678
25605
32333
25607
18640
18641
25375
43032
36305
43033
43038
8500
8503
8504
8508
29341
39856
36073
36075
36076
14680
25611
8270
32341
8271
25615
25617
42858
15106
8278
15108
4540
4542
4545
4548
4549
25381
35896
18657
35899
25388
36317
21652
14925
21653
8515
39860
1000
29351
36080
36083
29358
32350
42865
25625
15114
42868
8289
18662
18667
25398
36329
14933
43059
21662
11150
8523
11156
1010
36092
29365
1016
29367
1017
1018
25631
42873
15123
18909
42878
25638
8297
15128
21901
4560
4567
29602
36332
43061
36334
18679
36335
36339
14944
21672
21674
11162
32606
11166
8537
4801
39884
4806
29375
42881
18914
25642
25643
15134
25649
4573
18681
18685
29616
36344
19109
14954
8540
8541
14958
22102
4810
4811
1032
29384
29386
29387
18920
1039
18924
42896
15145
21922
10996
10997
11414
18694
29621
36350
19110
36353
19118
21690
14963
21692
11180
14967
21695
11183
11184
8553
32627
8557
11189
4821
29392
1043
29395
1045
29397
29398
25661
25667
25669
32398
21934
5010
5016
36361
36362
29636
19125
14970
19128
14976
32631
8561
11193
14978
8562
25906
22122
11196
32639
22128
4831
4834
4836
1053
4839
1058
36600
25677
15169
21943
8805
8806
8807
5029
19131
36374
29649
14981
36379
15401
15402
14988
25917
15405
22133
32646
8575
8578
4842
18952
18953
36612
36614
26103
36616
36618
21950
26107
21951
26108
21954
21955
8815
19140
1303
29655
36383
29656
1309
25920
25921
32651
15411
8581
14998
14999
15416
22145
4850
4857
18965
18968
15185
26114
11452
8822
11453
21966
8823
11455
21969
11457
8827
8829
1312
36393
29666
36394
1317
36398
8591
25936
32667
9010
8596
15428
9012
8598
9016
4864
1086
18975
15195
26124
26125
21973
32903
11463
21977
21978
5050
8836
5052
19163
1328
25942
25943
25947
25949
11702
9028
11709
18980
18984
19400
19402
19404
36647
21980
11472
22400
22401
22403
22407
5068
1335
19173
29687
1337
15443
22171
9030
22176
33105
4882
4885
5301
18991
19415
19417
36659
21992
26149
11480
32922
8851
11486
5071
5072
22417
5076
5079
1341
29694
29695
29696
29698
19188
19189
15451
33110
25969
32697
22185
15459
9044
22189
33117
9047
11722
11725
5313
4899
11729
5315
29930
19421
29939
26159
8865
8868
19192
19193
1355
36902
22191
22192
9052
33124
9055
22199
11732
11738
5326
5329
29943
26161
26166
32943
8872
15703
32944
8875
32947
5092
15708
15709
5098
1364
25987
33130
15478
9064
33138
5336
36680
29954
36683
26171
29957
19446
1608
1609
26175
37106
8880
15712
37109
8887
8888
22448
9305
9306
40107
1374
25990
36921
25995
15488
9072
9073
9076
33147
11751
5343
5344
19450
26180
29965
29966
37112
26188
37119
15723
15724
8897
40116
1381
15490
36934
36935
26423
15498
36939
33155
11761
11766
11769
29976
37120
32974
15739
40125
40129
1398
1399
26430
36943
26432
19704
19706
9092
33163
26439
5360
22703
22705
5364
5367
1633
19474
19476
1639
15741
15743
32984
32985
22473
40133
9338
5606
5607
26441
33173
26449
22711
1642
1645
19484
1647
37141
37142
9340
32999
15759
9344
40143
40149
36960
26451
19726
33188
5380
5381
22724
19490
19495
15760
37159
22492
33421
22496
40151
15769
33424
5628
5629
36975
26464
19738
36979
33195
26468
22733
22735
5396
1663
301
1665
303
1668
40164
33439
5630
5631
5636
1901
19742
26471
19744
36985
37401
26474
1909
19748
37403
26477
26478
12232
12233
22747
40402
312
317
37173
37179
15784
9370
15788
16203
16204
16206
5647
1910
36991
1914
1915
26482
19755
36996
19756
1918
19757
1919
12240
9610
12242
22755
22759
2100
323
2102
326
1689
37185
15790
15791
15796
16210
15798
16212
26725
33454
40184
9386
40185
9387
16218
19761
1926
26493
19766
22762
40420
40422
40423
9627
40428
1695
2110
2111
37190
337
37196
26731
9391
33463
40191
26737
9395
33466
9398
33469
40198
5667
1930
1933
19776
37433
22770
22776
33705
12267
33708
5906
348
2126
2127
26746
33475
26748
26749
33477
5670
5671
5674
5675
12505
12506
1948
19788
37444
33710
12274
23201
22788
40443
9645
9647
12278
23206
5912
2131
2133
357
358
26752
33481
33485
16247
12512
5685
12517
6105
1956
19794
37451
37454
37455
22790
22791
22792
33720
22795
33726
23216
40459
365
2142
2143
368
2145
2146
26763
26765
33495
12526
12527
5698
6113
6117
6118
1966
37461
1969
37463
33731
12293
9662
33734
40462
9664
40463
23223
9666
40465
5934
5939
16260
9902
12536
40707
1970
6128
612
614
619
9671
5945
389
2167
2168
37711
16275
27209
40710
40713
6130
9919
1983
1984
2401
37487
9680
16513
9684
16516
23246
40488
9689
16519
23249
5954
398
16282
37729
9921
9922
40722
6140
40725
30212
1991
1992
1993
1994
37494
2416
37499
23250
9694
23253
33769
23257
40498
23258
16291
37738
40730
40731
40735
6151
9938
6157
30228
2426
33773
16534
23262
33776
33777
16537
23266
5970
5975
2192
12807
2198
27232
27233
27237
23500
9943
12578
6168
2437
33784
23273
16546
12812
5984
12816
37754
27241
27242
12585
23513
12587
40757
9959
30249
6179
2448
33790
33791
16556
23285
33799
12822
12825
12826
5998
904
37761
27252
23520
9966
23524
30255
6185
40769
673
2450
675
2459
16568
34227
12834
12837
37772
918
27261
37775
27263
27266
27268
16801
16805
9977
6193
30264
23539
30269
27500
16573
34232
27508
12843
30501
6435
6437
924
37780
926
2703
37785
27277
23540
16814
9985
40784
16816
13032
9988
23547
41203
40789
41205
2479
16580
27512
34240
27516
12858
12859
6445
20006
2715
37794
2718
37798
27287
16820
40791
16823
23552
30281
40795
40796
41211
41214
13047
16592
27521
27524
34257
17017
12864
20011
30527
6458
27290
948
2726
27292
27294
38224
38229
30290
23562
16835
16838
23566
13054
41224
41225
41227
2492
2493
27533
17023
17026
17029
23803
30532
20020
30535
6466
6467
6469
2730
2734
2739
23571
16845
16849
34506
34509
13069
6702
27541
27542
34275
30540
12887
30544
20032
13305
6478
20037
6479
963
2742
966
2744
38240
16850
38248
16854
13070
34510
23584
13075
24004
24006
6719
34283
17045
12890
27559
23823
12898
23826
30555
13315
20044
6486
2750
978
2755
2759
38255
16860
13083
23596
34524
24014
41259
6721
6724
27560
27562
17050
27565
34293
17057
17058
30560
6491
20050
6492
23836
6494
13325
20053
6495
30569
6498
20057
980
20059
2760
984
38263
38266
38268
16874
27802
41260
41261
13096
24024
24025
30807
27574
38503
17067
23842
13334
23849
13337
20065
13338
995
38272
38277
27816
16889
24034
34548
17308
34549
30812
30817
6747
38514
28002
20072
30586
20074
41518
2780
38283
38284
16890
27821
34552
27825
34553
41282
17313
27827
34559
24046
30821
6756
20315
30828
20318
27592
17081
17082
17084
28013
30590
13353
30595
20089
31016
31018
3219
34560
41294
24054
41298
6761
30832
20320
30834
20323
17093
28022
28026
28027
23874
13362
20093
31022
41535
13368
20098
24061
24062
17338
30842
30844
30847
28030
28035
34810
34811
41543
31032
41545
13378
27850
34582
27856
24073
35000
24076
17349
6782
13613
6784
6786
13617
20345
6788
13618
20346
13619
7205
38553
23893
28049
23895
24310
41551
24311
24312
31042
24315
34828
13389
41558
41559
3243
34590
27865
24081
34597
35012
17358
24088
13626
7214
7217
38565
28057
13391
41568
31056
41569
31058
27870
17361
27878
38805
27879
38807
17369
30870
20367
41809
28062
38575
34840
24330
41576
34848
41577
17608
20600
27882
27884
38812
28300
27887
27888
28303
28304
20371
30887
7230
41815
30889
7233
31307
3504
38584
3507
39002
34850
24340
31071
34856
41585
42000
31074
31077
42004
3277
27896
28311
38824
17385
35040
17386
28314
28317
28319
20380
41822
41825
20386
13659
3512
38591
39010
41593
42010
24356
42011
41599
3281
10111
20625
10114
3285
20628
10119
35053
38838
35054
35055
41832
20395
41836
41837
7254
7255
7256
3526
39024
39025
39027
24360
34874
17635
24363
31091
24364
34877
17637
24367
24369
13901
20631
3294
10127
3297
38840
35062
28334
35067
24602
13677
31338
3532
17643
24376
42031
35305
42034
35308
13913
42038
20646
20648
7504
7509
38850
35074
38859
13681
7270
41857
41858
31348
3540
17653
34898
34899
17658
42042
35317
13925
10144
7516
10148
7519
28352
28354
35082
28355
13691
35089
31350
31351
14111
14112
31355
14119
3553
3555
39053
17661
17663
42052
42057
13934
13939
20667
7523
10155
10159
38870
38873
35090
17902
7291
24634
24637
24639
7297
3561
3562
39067
28600
28602
28603
17677
28604
35337
10161
10163
7532
38881
38884
41880
17915
41884
41888
14138
31379
3572
10406
39073
39074
39075
17685
42072
42074
13952
21106
21107
21109
3810
38892
38895
28384
3818
3819
39313
38899
39314
39318
24650
24651
41895
42311
17928
14145
41899
31387
42317
14149
42318
20927
10415
3587
39080
39085
17694
28624
28626
42085
13963
13966
31621
10185
31626
3822
3824
39321
3829
39326
39328
17933
14151
24665
24669
20934
10424
20937
20938
20939
10429
4015
39094
4017
28630
35362
42090
18122
18127
42097
13976
24907
10195
21122
21126
7568
3832
39332
3839
39334
39338
24670
24673
24674
35602
14163
35605
14169
7800
20946
10436
28647
35375
13981
18139
13986
31641
13987
24918
21138
39340
42342
17959
24688
35615
42344
14176
14177
35618
42349
20954
20956
20959
4031
4037
4038
28655
18146
13993
13997
13999
7583
31654
14414
7585
8000
21147
8009
3856
24690
17969
7821
20967
4040
7827
31660
24933
14421
24937
31667
8012
7599
8018
39360
17974
17975
28903
42364
14197
14199
10460
7830
20975
7833
4053
31909
4058
4059
28673
28676
24940
24943
31671
21160
14436
42605
14438
21167
3873
10708
39371
28911
35640
18401
35645
35646
18406
18408
31910
20987
10475
21402
10477
7846
4064
28681
28683
29100
29101
29102
39617
14441
24955
14448
8032
21176
31689
32105
32106
8036
8037
10712
39380
18410
28925
28926
28928
18419
31920
7852
31924
31926
4072
4076
21419
28694
39623
39626
39628
29117
24961
31692
42621
21183
21185
8043
21187
32115
10720
3899
4316
39395
4319
35660
25152
28937
28938
42397
31930
31933
7863
31934
7865
31936
4085
21428
4086
39630
18194
29122
18197
24972
35904
21195
14468
32125
21198
10730
10734
4320
10739
35670
28944
18432
28946
18433
28947
14701
31942
14702
14703
31944
31946
7877
21435
4099
29130
39649
35911
14471
14472
25402
25403
35917
42646
25408
42649
10743
10744
4335
35684
18444
18445
35687
31950
36107
21445
39655
24990
29147
24994
42650
25411
42653
24998
35926
14486
32142
8072
42658
10754
4343
4346
25182
36113
36119
21450
14723
31964
39669
29159
14496
8081
35939
8086
10763
10767
4352
4355
4356
4358
28971
28972
39900
18460
28973
28976
25194
25199
14738
21469
39678
35942
25432
42674
35947
32163
25436
25438
10771
4367
39910
28983
28984
28985
29400
18473
28988
18476
29405
36133
18478
18479
36135
29408
29409
36138
21470
42911
14743
21471
32402
31989
8334
32408
32409
4602
39683
29172
4607
29174
29178
35951
18712
25443
42685
32173
21710
21712
10786
21715
21716
21719
4376
18483
18484
28997
28998
36141
18488
29416
36144
29417
42920
31995
8343
8344
42928
32416
8349
39692
4617
35960
35961
42691
35964
32180
18726
18727
32186
32187
10795
10797
11214
4386
11217
18492
39933
39937
42936
8353
14769
21497
42939
8356
8357
4624
32190
18736
25466
25469
21737
39941
36165
25700
32431
42944
14777
32432
25705
25706
14779
8366
32437
25470
35984
35985
25473
21740
21741
8602
21748
39959
29449
25711
25713
15201
25714
42956
8373
32447
32448
4649
35990
18755
18758
25486
36414
25489
36416
36418
21752
11240
21759
11248
39963
39965
36185
29458
36187
14792
32455
42969
32459
4650
36421
25494
36423
25497
36425
21765
11253
39971
36190
1111
1112
36192
1115
29467
36196
1118
42971
42973
25734
32464
8396
18772
29702
29705
36433
11260
21773
32703
8632
11264
8635
32707
32708
29470
