17557	0
286	0
11401	0
8477	0
13866	0
10697	0
20586	0
2000	0
7998	0
15259	0
2722	0
19820	0
4289	0
7853	0
2232	0
15757	0
7142	0
10855	0
14915	0
16886	1
1226	0
8044	0
15061	0
21570	0
15645	0
19396	0
3244	0
19556	0
822	0
11013	0
14243	1
5087	0
2472	0
3085	0
8409	0
10840	0
3203	0
14376	0
2570	1
21003	0
20660	0
14417	0
15889	0
4015	0
8986	0
7143	0
4955	0
13582	0
6477	0
4596	0
15756	0
5640	0
13389	0
2757	0
10396	1
15389	0
5681	0
10592	0
19335	0
19691	0
4678	0
12158	1
3419	0
2801	0
20106	0
8683	0
2191	0
3337	0
15489	0
268	0
18301	0
16747	0
14963	0
5920	0
7908	1
6412	0
20690	0
5470	0
5859	0
14879	0
5801	0
20656	0
8600	0
21946	0
6189	0
11439	0
9823	0
19594	0
21655	0
5729	0
2680	0
4058	0
3035	0
2407	0
11115	0
3938	0
5269	0
15719	0
11981	0
1485	0
9982	0
3719	0
11149	0
9362	0
11190	0
3998	0
20738	0
20816	0
8509	0
19005	0
12989	0
17455	0
1255	0
1097	0
6386	0
19806	0
12122	0
18552	1
2168	0
14552	0
17867	0
2629	0
20313	0
21406	0
4882	0
21494	0
10168	0
19321	0
4016	0
2827	0
3899	0
6140	0
1953	0
13624	0
5238	0
5297	0
21788	0
11992	0
8396	0
5787	0
10204	0
85	1
11146	0
3785	1
6234	0
7622	0
8582	1
3259	0
7528	0
5669	0
21786	0
11370	0
10743	0
21656	0
6954	0
4093	0
642	0
19338	1
22045	0
11663	0
7125	0
10173	0
3068	0
20325	1
6086	0
11796	0
2233	0
13190	0
233	1
16966	0
8698	0
1176	0
16144	0
10715	0
3649	0
17764	0
8053	0
6273	0
5156	0
4000	0
17243	0
12177	0
5744	0
17004	0
14168	0
7265	0
17228	0
5941	0
2564	0
311	0
14619	0
12458	0
7488	0
16651	0
8273	0
14872	0
12478	0
18817	0
15651	0
10607	0
6729	0
14917	0
16552	0
15623	0
12671	0
15866	0
4579	0
20847	0
3181	0
13494	0
19829	0
730	0
14252	0
14406	0
349	0
10083	0
4549	0
2391	0
8498	1
17955	0
18361	0
12580	0
721	0
16968	0
13087	0
11316	0
16655	0
12825	0
20442	0
1088	0
1005	0
3213	1
17947	0
6108	0
10919	0
16111	0
172	0
10952	0
12090	0
6620	0
12167	0
9911	0
7964	0
9333	0
18738	0
8483	0
14592	0
17358	0
963	0
15513	0
9252	1
10762	0
21199	0
9938	0
16854	0
1490	0
10005	0
950	0
17507	0
7232	0
11481	0
7028	0
21177	0
7794	0
7575	0
13170	0
10431	0
6098	0
19768	1
2441	0
10721	0
21187	0
4466	0
10390	0
482	0
20991	0
14504	0
21683	0
12244	0
19802	0
2479	0
13417	0
19196	0
8619	0
4325	0
14699	0
9480	0
8872	0
16385	0
11940	0
6040	0
8836	0
7797	0
13776	0
11814	0
14191	0
15851	0
16606	0
14519	0
3813	0
16105	0
3276	0
17235	0
13392	0
15219	0
11103	0
18708	0
2603	1
8987	0
6157	0
9712	0
8411	0
6753	0
13169	0
19707	0
182	0
7236	0
20367	0
4302	0
13353	0
9031	0
18231	0
18412	0
8953	0
5810	0
14663	0
18519	0
2460	0
9750	0
15707	0
15002	1
16324	1
12052	1
17289	0
7167	0
1197	0
6061	0
14113	0
5191	0
13656	0
11507	0
16703	0
5038	0
5462	0
353	0
2037	0
6268	1
21871	0
19551	0
2939	0
10526	0
20075	0
9529	0
4902	0
18831	1
13416	0
4416	0
13012	0
9414	1
3426	0
12853	0
2285	0
14084	0
6982	0
15374	0
9348	0
19959	0
14256	0
18718	0
8447	0
13681	0
13346	0
5467	0
16410	0
10815	0
10211	0
7523	1
8297	1
21619	0
15244	0
11991	0
21794	0
9789	0
6989	0
557	0
8028	0
3553	0
13137	0
4974	0
15940	0
16493	0
20334	0
17739	0
18054	0
16181	1
20558	0
21824	0
20473	0
5118	0
17682	0
3460	0
16936	0
13487	0
8927	0
17002	0
17633	0
7893	0
9338	0
4941	0
14801	0
8140	0
17066	0
7655	0
2001	0
15964	0
16106	0
14888	0
12651	0
20065	0
1682	0
20769	0
21416	0
7430	0
17575	0
417	0
19555	0
5387	0
12714	0
20678	0
21429	0
3156	1
8079	0
9230	0
19972	0
12270	0
1216	0
3469	0
17038	0
3933	0
13129	0
17991	0
7355	1
4662	0
18559	0
8478	0
12073	0
5078	1
10335	0
2149	0
20644	0
6126	1
2713	0
19976	0
1810	0
4711	0
21352	1
7160	0
2523	0
858	0
14437	0
8640	0
4271	0
12599	0
11268	0
10006	0
19640	0
9809	0
6167	0
5375	0
5145	1
19920	0
21979	0
10666	0
6427	0
14294	0
10163	0
4474	0
21442	0
3184	0
11703	0
11773	0
13066	0
11876	1
2330	0
5650	0
5398	0
11348	0
17993	0
18842	0
13686	0
9065	0
18785	0
5408	0
1070	0
8387	0
6033	0
10772	0
20374	0
17216	0
15019	0
10466	0
17161	1
4935	1
2417	0
18534	0
6	0
20090	0
18850	0
10065	0
4656	0
16400	0
15582	0
18034	0
9036	0
3903	0
1474	0
12374	0
408	0
18434	0
19160	0
19128	0
17996	0
7226	0
18973	0
11365	0
497	1
16582	1
15094	0
19320	0
13829	1
21670	0
1689	0
20047	0
14763	0
9854	0
12865	0
2742	0
12820	0
6655	0
16850	0
2433	0
1537	0
21089	0
11587	0
9109	0
13629	0
19119	0
22022	0
3546	1
7876	0
14778	0
21103	0
6437	0
15151	0
19284	1
14833	0
13171	0
11670	0
10281	0
15228	0
830	0
11657	0
742	0
8223	0
13121	0
17755	0
13985	0
3833	0
1729	0
17838	0
3467	0
20754	0
18646	0
1463	0
18786	0
13865	0
14248	0
90	0
12289	0
18907	0
14775	1
750	1
16599	0
11542	0
466	0
5948	0
20576	1
3440	0
7171	0
20717	0
573	0
5944	0
11095	0
20841	0
15813	0
12204	0
13497	1
18173	0
19056	0
6074	0
10478	0
9171	0
9821	0
9843	0
17542	0
8104	0
14185	0
11735	0
4672	0
767	0
11216	0
17566	0
19224	0
19354	0
17341	0
10897	0
791	0
19589	1
245	0
1808	0
18311	0
167	0
14788	0
13377	0
1758	0
13687	0
18925	0
3286	0
21330	0
2136	0
21484	0
12716	0
5798	0
5773	0
12062	0
6329	0
20480	0
2485	0
14758	0
14999	0
2062	0
20677	0
2898	0
2354	0
7462	0
19340	0
16329	0
18750	0
469	0
7584	0
8570	0
18058	0
13269	0
14181	0
7392	0
14785	0
19681	0
21778	0
3422	0
20295	0
19064	0
7492	0
5176	0
21364	0
10832	0
10468	0
20971	0
4071	0
20801	0
13752	0
9347	0
8617	0
15199	0
10057	0
20628	0
1178	0
20699	0
8288	0
6931	0
7442	0
7685	0
20506	0
16023	0
14446	0
16727	0
12771	0
21773	0
688	0
2579	0
17736	0
19183	0
2128	0
11692	0
6259	0
16713	0
19478	0
3669	0
7546	0
5483	1
10987	0
16268	0
16176	0
264	1
20948	1
11838	0
8579	0
19557	0
5155	0
5263	0
11005	0
15728	0
20956	0
5632	0
15115	1
5481	0
982	0
10174	0
10071	1
2439	0
8056	0
794	0
12309	0
8076	0
7253	0
9092	0
450	0
19726	0
13887	0
5122	0
15702	0
15222	0
19940	0
15620	0
7080	0
18912	0
11141	0
21858	0
656	0
17803	0
9173	0
14101	0
21982	0
21128	0
4994	0
7053	1
4787	0
15474	0
1471	0
5063	0
6545	0
10794	0
16454	0
17719	0
13380	0
946	0
4128	0
15416	0
18510	0
7302	0
14462	0
4032	0
17540	0
18514	0
12764	0
7583	0
18322	0
1771	0
2813	0
15037	0
1002	0
21435	0
11791	0
815	0
15327	0
16259	1
15349	0
13857	0
12217	0
18620	0
7163	0
18044	0
19437	0
13685	0
10040	0
14634	0
188	1
7811	1
18969	0
2975	0
586	0
3665	0
4069	0
7967	0
14092	0
5224	0
13773	0
14563	0
12380	0
11295	0
5346	0
9315	0
2182	0
9024	0
14318	0
1113	0
11676	0
8991	0
1150	0
4173	0
9790	0
4438	1
19674	0
18574	0
5933	0
13977	0
18980	0
13390	0
10826	0
6698	0
10506	0
1618	1
4581	0
14363	0
17623	1
15478	0
3101	0
7436	0
8305	0
1994	0
21928	0
16409	0
9722	0
14064	0
13748	0
3302	0
16224	0
5584	0
9467	0
13696	0
13108	0
4115	0
22032	0
11197	0
9755	1
10319	0
6305	0
12923	0
12915	0
21440	0
20689	0
15617	0
4232	0
1460	0
14411	0
7322	0
19323	0
14582	0
2145	0
7323	0
13718	0
11139	0
9464	0
7679	0
17454	0
13459	0
14159	0
4030	0
9402	0
16805	0
6707	0
451	0
12275	0
3008	0
11980	0
9071	0
1615	0
3867	0
2267	0
20523	0
21043	1
20707	0
2578	0
11774	0
12966	0
18085	0
7300	0
19903	0
12907	0
19549	0
15464	0
8393	0
9631	1
6087	0
15817	0
3967	0
7784	0
3579	0
21678	0
17649	1
9369	1
9000	0
17477	0
12421	0
11661	0
7295	0
771	1
7641	1
11858	0
16595	0
12393	0
13526	0
1440	0
4415	0
11917	0
343	0
1900	0
16950	0
795	0
3454	0
18797	0
15215	0
6662	0
20551	0
2177	0
13769	0
16291	0
10401	0
9165	1
13351	0
8862	0
6992	0
831	0
3733	0
14550	0
1152	0
11443	0
21951	0
14080	0
4989	0
11722	0
21037	0
1973	0
362	1
19709	0
13962	1
16740	0
11961	0
1963	0
10248	0
13811	0
20468	0
19536	0
14260	0
16581	0
93	0
11610	1
6202	0
13833	0
20645	0
14172	0
19612	1
8930	0
2378	1
12138	0
6621	0
12722	0
2210	0
1439	0
15439	0
20896	0
20657	0
18710	0
6483	0
13096	0
16038	0
1331	0
13233	0
19054	0
10949	0
1400	0
6887	0
6191	0
10120	0
16797	0
4999	0
2286	0
18643	0
16507	0
20234	0
1371	0
9094	0
4106	0
857	0
18602	0
5575	0
12899	1
10024	0
8038	0
2644	0
18951	0
18192	0
17680	0
10935	0
9620	0
14709	0
8219	0
999	0
19212	0
11531	0
8627	1
18131	0
4293	0
18298	0
5838	0
10249	0
8341	1
12888	0
14354	0
11702	0
3247	0
10651	0
1807	0
20433	0
8496	0
21095	0
15077	0
14524	0
2052	0
21969	1
18590	0
12407	0
10672	0
21675	0
18234	0
6511	0
11875	0
5388	0
1720	0
8433	0
21955	0
11655	0
7612	0
19315	0
7870	0
5979	0
13870	0
431	0
20286	0
5372	0
769	0
2050	0
2537	0
7054	0
9058	0
9935	0
13209	0
2053	0
1000	0
8246	0
13042	0
21250	0
19206	0
2683	0
2202	0
16680	0
1368	0
4500	0
13702	0
21819	0
14696	0
14415	0
10722	0
11707	0
16910	0
1805	0
12554	0
13873	0
6583	0
6591	0
4279	0
7978	0
11224	0
15467	0
19513	1
18715	0
18032	0
11570	0
16163	0
4300	0
15941	0
4527	0
3792	0
1453	0
7535	0
18761	0
6761	1
6896	0
15436	0
1577	0
20784	0
7928	0
1173	0
17586	0
21783	0
1944	0
2443	0
4624	0
20776	0
6383	0
6946	1
12670	0
20373	1
12884	0
6027	0
193	0
6580	1
13164	0
13764	0
16716	0
1288	0
2091	0
3465	0
11	0
11801	0
10725	0
4823	0
3780	0
16090	0
8102	0
3977	0
14818	0
9740	0
4983	0
1267	0
16661	0
15340	0
12006	0
10189	0
13835	0
18810	0
1340	0
9008	0
10709	0
3266	0
4256	0
16080	0
20284	0
9825	0
4396	0
2287	0
3489	0
15363	0
7549	0
11168	0
12967	0
15721	0
3593	1
6547	0
13780	0
15161	1
3620	0
19888	0
20512	0
12919	0
16375	0
17046	1
3076	1
677	0
19182	0
8819	0
14457	0
14449	0
4997	0
14755	0
6652	0
11206	0
7723	1
2218	0
19842	0
8502	0
13689	0
1796	0
4896	0
1384	0
13863	0
13938	1
8101	0
21933	0
14407	0
3821	0
8043	0
6892	0
4557	0
12072	0
6924	0
17239	0
8808	1
17151	1
2543	0
6048	0
2656	0
3208	0
15108	0
21147	0
12986	0
20903	0
1679	0
13728	0
1050	0
6861	0
1663	1
12420	0
8817	0
14770	0
2600	0
4190	0
15147	0
6904	1
1745	0
14144	0
14327	0
5510	1
15953	0
1114	0
8906	0
3951	0
14570	0
5713	0
6656	0
20158	0
20408	0
3028	0
6311	0
6300	0
491	0
9528	0
7184	0
3709	0
947	0
17254	0
14665	0
10145	0
13757	0
19621	0
4818	1
5321	0
2692	0
5127	0
3240	0
3883	0
7254	0
7758	0
15325	0
3185	0
5837	0
2569	0
2381	0
16822	1
4532	0
4412	0
9355	0
21610	0
1559	0
18513	0
5985	0
12680	0
18523	0
6396	0
20405	0
2899	1
17056	0
3827	0
9837	0
2075	1
18214	0
2160	0
3128	0
18600	1
18511	0
12035	0
19185	0
129	0
17864	0
1161	1
19025	0
12743	0
1782	0
4395	0
7463	0
19101	0
19784	0
2372	1
10942	0
14100	0
17156	0
5950	1
2753	0
12791	0
17242	0
2605	0
15775	0
20288	0
17909	0
16760	0
19516	0
9035	0
9540	0
4481	0
21925	0
6291	0
13895	0
21753	0
7259	0
7582	0
14666	0
13945	0
8469	0
12916	1
7842	1
1195	0
4728	0
12822	0
3734	0
6249	0
8589	0
133	1
2211	0
4753	0
2345	0
13080	0
20051	0
10166	0
2791	0
2887	0
18134	0
7168	0
3126	0
1198	0
21988	0
5142	0
4693	0
16654	0
3829	0
3280	0
14132	0
12859	1
16469	0
13856	0
2386	0
16234	0
18763	0
9579	0
19821	0
6700	0
21487	0
18141	0
9351	0
14497	0
14274	0
3808	0
15737	0
16029	0
12218	0
15550	0
17230	0
14387	0
19356	0
5674	0
3081	0
19188	0
11780	0
14716	0
12510	0
12329	0
16542	0
19052	0
952	0
12470	0
4718	1
4857	0
4514	0
5606	0
19118	0
18478	0
9224	0
21630	0
19113	0
10023	0
6869	0
3715	0
6920	0
1629	0
17082	0
10969	0
2255	1
20959	0
12701	0
678	0
8234	0
17195	0
15531	0
18425	0
20074	0
10744	1
3566	0
12904	1
20015	0
9218	0
8199	0
4593	0
7153	0
8963	0
5459	0
5977	1
21822	0
2111	0
13148	0
9158	0
8432	0
20095	0
2965	0
12451	1
11211	0
15567	0
10877	0
9022	0
10782	0
12227	0
21459	0
16298	0
8385	0
7426	0
3246	0
20850	0
21394	0
21030	0
15738	0
17521	0
11635	0
2006	0
19263	0
5429	0
19776	0
18383	1
19818	0
12147	0
4407	0
4323	1
2475	0
20541	0
10787	0
1398	0
9309	0
5665	0
1828	0
12464	0
1872	0
7086	1
12293	0
6011	0
153	0
14809	1
890	0
9588	0
139	0
11454	0
18409	0
9034	0
9205	0
15329	0
18420	0
10198	1
9898	0
9080	0
14299	0
11964	0
18628	0
1530	0
19084	0
14748	0
6051	0
13372	0
2990	0
1426	0
21967	0
7104	0
12330	0
11924	0
17740	1
21358	0
16096	1
8184	0
7076	0
3777	0
4327	0
19934	0
1867	1
11183	0
3526	0
7959	0
6627	1
7792	0
8635	0
12877	0
16666	0
21096	0
5736	0
18728	0
14695	0
4980	0
14140	0
19996	0
21041	0
6997	1
21857	0
20470	0
19566	0
14750	0
6741	0
8859	0
6606	0
3025	0
21604	0
8062	0
6605	0
4975	0
10372	0
10279	0
12741	0
15777	0
15315	0
10511	0
363	0
244	0
10711	0
20700	0
16927	0
4648	0
8294	0
12997	0
12251	0
19568	0
1230	0
19584	0
17661	0
2223	0
3097	0
10406	0
3848	1
5211	0
19133	0
20167	0
1204	0
12765	0
13150	0
17908	0
8875	0
13987	0
5708	0
17200	0
14842	0
4257	0
14203	0
3411	0
18035	0
14728	0
6214	0
20564	0
13545	0
21553	0
21186	0
3405	0
11880	0
19229	0
14843	0
8519	0
3366	1
3138	0
6077	1
8284	1
16041	0
19030	0
10542	0
20519	0
3795	0
2295	0
6110	0
3699	0
11738	0
3660	1
5903	0
13222	0
12652	0
5160	0
19407	0
480	0
1459	0
18014	0
16192	0
7196	1
21091	0
12114	0
15989	0
13328	0
492	0
20339	0
16445	0
5754	0
385	0
16704	1
2010	0
13127	0
20030	0
12492	0
178	0
4343	0
14847	0
7271	0
10779	0
18999	0
10313	0
18954	0
14069	0
4715	0
20280	0
10536	0
18670	0
6418	0
10784	0
13611	1
21269	0
7410	0
8123	0
14865	0
13179	0
11352	0
19415	0
14621	0
11775	1
16907	0
8375	0
9523	0
1754	0
4558	0
14290	1
3102	0
2181	0
11123	1
18913	0
17204	0
9731	0
21587	0
1175	0
14362	1
537	0
8801	0
5560	1
19983	1
20704	0
14301	0
22046	0
1902	0
14177	0
14217	0
21792	0
15755	0
8017	0
1166	0
3390	0
19476	0
4274	0
9649	0
21160	0
7019	0
6710	0
21125	0
14881	0
10458	0
4809	0
8682	0
15971	0
11222	1
2750	0
2970	1
18249	1
14278	0
12439	0
20636	0
13595	0
15283	0
6251	0
7194	1
2024	0
18130	0
1062	0
5100	0
7555	0
17413	0
19519	0
15811	0
8329	0
2396	0
12199	0
14312	0
20247	0
4209	0
5850	0
1738	0
21489	0
4529	0
10876	0
15561	0
11770	0
364	0
101	0
14340	0
11561	0
12707	0
8794	0
20068	0
530	0
9728	0
16731	0
12383	0
4800	0
6628	0
9368	0
4688	0
11931	0
10754	0
17840	0
17116	0
2803	0
2697	0
20043	0
3317	0
3340	0
9788	1
15000	0
11335	0
13260	0
7321	1
6252	1
17663	0
16858	0
545	0
13340	0
183	0
20290	0
11344	0
81	0
881	0
4159	0
15492	0
20062	0
19685	0
147	0
3982	0
4090	0
6199	0
7603	0
15893	0
10462	0
11084	1
17059	0
21	0
7097	0
5913	0
9607	1
12590	0
19548	0
2389	0
12660	0
13045	0
13554	0
6768	0
4842	1
6010	1
4794	0
7498	0
1003	1
10692	0
21781	0
4179	0
7347	0
11595	0
20472	0
3418	0
20309	0
12118	0
7974	0
19177	0
21084	0
12403	1
3618	0
16835	0
9018	0
21754	0
19124	0
2653	0
7378	1
14581	0
12677	0
4341	0
21668	0
8850	0
9866	0
7227	0
3453	0
6928	0
9887	0
7865	0
13316	0
3535	0
10993	0
16279	0
5615	0
13250	0
13901	0
21336	0
13767	0
21409	0
18327	0
8780	0
3111	0
1056	0
5694	0
16845	0
2312	0
17284	0
10812	0
18807	0
16749	0
6688	0
12202	1
9261	0
5186	0
14835	0
7135	0
1601	0
14841	0
15270	0
6346	0
9025	0
1063	0
7266	0
12485	0
1419	0
13923	0
11805	0
14453	0
10619	0
546	0
17107	0
10436	0
15760	0
5047	0
20986	0
14309	0
15619	0
9006	0
13146	0
2796	0
691	0
12711	0
3060	0
11696	0
9251	0
6609	0
11804	0
9141	0
5951	0
2647	0
2687	0
7217	0
8943	0
19088	0
14082	1
17765	0
7501	0
17738	0
12297	0
22020	0
5638	0
9555	0
11286	0
14697	0
7075	0
5305	0
8251	0
13878	0
2886	0
20705	0
14838	0
12530	0
12157	0
16717	1
5430	0
617	0
9138	0
19039	0
15595	0
3869	0
9942	0
6787	0
313	0
6984	0
5447	0
514	0
8245	0
8465	0
20217	0
21772	0
20465	0
10584	0
7718	0
17664	0
11238	1
10042	0
18204	0
6882	0
12484	0
5109	0
15807	0
19985	1
4192	0
148	0
20998	0
10745	0
5556	0
12581	0
8796	0
13334	0
14945	0
10311	0
16826	0
3171	0
4988	0
16817	0
14232	0
8965	0
15581	1
20045	0
19048	0
394	0
2863	0
18240	0
17703	0
16056	0
13786	0
5225	0
11231	0
14534	0
3164	0
944	0
21376	0
20673	0
17019	0
5579	0
5315	0
11709	0
17313	0
4330	0
1397	0
13672	0
4158	0
8308	0
8950	0
476	0
6154	0
5058	0
14501	0
20123	0
21012	0
11606	0
87	0
20412	1
17651	0
4312	0
13133	0
4811	0
11818	0
19379	0
1215	0
8593	0
18469	0
13309	0
1716	0
5548	1
21070	0
20957	0
9393	0
299	0
18918	0
2341	0
106	0
4360	0
8972	1
6979	1
3206	0
16423	1
2910	0
16214	0
1614	0
19438	0
14661	0
10259	0
9144	0
14979	0
4727	1
8013	0
11607	0
2150	0
14120	1
5533	0
17490	0
8148	0
6756	1
12777	0
2688	0
3968	0
19766	0
21117	0
16460	0
14725	0
10739	0
7210	0
19420	0
18649	0
15105	0
5684	0
6525	0
5268	0
8445	0
11742	0
100	0
13534	0
19043	0
22055	0
5331	0
7246	0
17718	0
16394	0
5945	0
21402	0
1964	0
20960	0
95	0
17789	0
9287	0
19620	1
1015	0
10330	1
1359	0
7374	0
9711	1
11691	0
4826	1
9888	0
13292	1
7745	0
6139	0
17905	0
13988	0
15779	0
2737	0
15186	1
873	0
9254	0
14488	1
12424	0
11778	0
7475	0
15277	0
14461	0
4737	1
21218	0
3320	0
2078	1
20890	0
412	0
3162	0
18482	0
16463	0
80	0
10960	0
19068	0
10825	0
10159	0
14918	0
12801	0
16903	0
7328	0
2245	0
12964	0
2652	0
7255	0
14401	0
4738	0
237	0
4329	0
21257	0
9878	1
16266	0
19296	0
1205	1
18435	0
13551	0
18504	0
20338	0
11817	0
19995	1
15792	0
2395	0
20932	0
20150	1
7473	0
2858	0
5616	0
10888	0
22033	0
12658	0
8869	0
11441	0
13212	0
12085	0
515	1
7429	0
12807	0
8088	0
17758	0
11080	0
12880	0
1657	0
12538	0
4432	0
5080	0
6325	0
11172	0
18579	0
5586	0
20022	0
4504	0
11060	0
18526	0
21648	0
5094	1
4235	0
19615	0
7634	0
9767	0
16420	0
2961	0
19410	0
884	1
11713	0
15996	0
12356	0
217	0
19939	0
11950	0
13788	0
2648	0
18731	0
3803	0
15700	0
6345	0
18680	0
1378	0
18005	0
13	0
17479	0
8520	0
10283	0
18702	0
5406	0
1774	0
9435	0
7889	0
7664	0
16939	1
8421	0
17402	0
1303	0
1570	0
18399	0
7818	0
10067	0
10901	0
7027	0
4316	0
5502	1
21589	1
7090	0
20684	1
11374	0
14350	0
20130	0
12737	0
4386	0
14353	1
2491	0
7838	0
15907	0
7367	0
12395	0
4254	0
8395	0
14529	1
21136	0
18878	0
18567	0
2186	0
10059	0
15367	0
15170	0
11936	0
1277	0
10209	0
18410	0
144	0
7702	1
9702	0
11546	0
5045	0
9744	0
13159	0
7726	0
1688	0
18724	0
3446	1
1545	0
13359	0
5597	1
4684	0
16533	0
14889	1
8756	0
14772	0
19798	0
17977	0
10119	0
20803	0
8080	0
3151	0
3472	0
6122	0
9167	0
1950	0
1346	0
11194	0
9160	0
19299	0
9206	0
5081	0
20464	0
16195	0
1258	0
6233	0
19235	0
19682	0
17280	0
13892	0
2539	1
5353	0
9775	0
7428	0
12037	0
4890	0
12730	0
20140	0
11630	0
14715	0
1830	0
12178	0
11641	0
20200	0
9455	0
18979	0
4859	0
5082	0
7684	0
8551	0
3033	0
2344	0
13466	0
842	0
3499	0
7973	0
13760	0
20667	0
4533	0
1443	0
3482	0
17352	1
19457	0
8901	0
19562	0
17041	0
3140	0
7690	0
12584	1
7910	0
16536	0
18454	1
8173	1
12952	0
19727	1
3845	0
7885	0
5300	0
20680	0
9559	0
4253	0
7649	0
14948	0
13082	0
13727	0
11482	0
19395	0
9232	0
3344	0
12476	1
17757	0
7711	0
14460	1
3739	0
17533	0
302	0
16278	0
19469	0
5552	0
5345	0
2938	0
7404	0
3452	0
10515	0
19262	0
7432	0
13700	0
15481	0
1797	0
10295	0
4248	0
18095	0
2706	0
12556	0
7984	0
13524	0
1071	1
16359	0
161	0
12782	0
6243	1
16639	0
11835	0
12075	0
10734	0
18970	0
12875	1
18557	0
18734	0
12486	1
8407	0
8369	0
6874	0
9919	0
6135	0
12813	0
10679	0
6248	1
3519	0
7021	0
7733	0
9405	0
7437	0
13995	1
19027	0
21428	0
5749	0
5904	0
9628	0
6699	0
8758	0
21911	0
902	0
17925	0
5288	0
10036	0
2162	0
6848	0
3870	0
248	1
16019	0
1021	0
18233	1
19876	1
20681	0
12802	0
548	0
18063	0
2741	0
9408	0
14334	0
18261	0
2642	0
16209	1
3412	0
3333	0
9082	0
19044	0
5739	0
3542	0
21286	0
870	0
5199	0
2025	0
12327	0
7505	0
16768	0
20134	0
21278	0
4111	0
5764	0
2628	0
18239	0
4362	0
1916	0
7150	0
18317	0
12111	0
5457	0
9665	0
15896	1
5115	0
8596	0
16148	0
13597	0
864	0
17670	0
21811	0
4642	0
3818	0
11821	0
7801	0
7083	0
12427	0
2298	0
14602	0
20199	0
4012	0
21690	0
18998	1
5056	1
6387	1
7103	1
15597	0
14636	0
1775	0
21719	1
4771	0
2790	0
806	0
11942	0
3953	0
12937	0
20169	0
5785	0
652	0
16039	0
1866	0
8883	0
11575	0
13364	0
6830	0
5324	0
20751	0
21327	0
8759	0
2167	0
14400	1
20371	0
16146	0
10362	0
10277	0
15196	0
8036	0
13433	1
20372	0
16508	0
2087	0
21866	1
9424	0
587	0
21445	0
13301	0
18849	0
6725	0
10723	1
9544	0
21597	0
17303	0
8330	0
16413	1
20718	0
20474	1
11355	0
20724	1
5833	0
6659	1
8145	0
19950	0
6916	0
2927	0
12930	0
10611	0
3502	0
16914	0
1757	0
16521	0
18349	0
1130	0
17292	1
11302	0
6434	0
1085	0
13859	0
8180	0
15794	0
9966	0
910	0
2329	0
17665	0
6663	0
8254	0
12295	0
9845	0
17512	0
5046	0
15549	1
17442	0
3343	0
16682	1
8539	0
4034	0
12483	0
18530	0
3548	0
19197	0
19380	0
18255	0
7244	0
21415	0
2592	0
14344	0
13141	1
4448	0
16828	0
18823	0
12299	0
15551	0
10493	0
160	0
9617	0
19909	0
71	0
7338	0
16166	0
9989	0
1574	0
7965	0
6225	0
8126	0
17459	0
9574	1
17782	0
13366	0
21836	0
10927	0
9834	0
12832	0
19474	0
19826	0
1503	0
8426	0
18216	0
5099	1
11990	0
8709	0
4543	0
17494	0
20029	0
13099	0
10280	0
15653	0
610	0
20837	0
2397	0
5291	0
16009	0
12087	0
13510	0
5350	0
1351	0
8820	0
10185	0
18212	0
20808	0
18562	0
4820	0
4970	0
13797	0
18391	0
13638	0
1049	0
9894	0
14331	1
20625	0
13327	0
3400	0
12563	0
31	0
21294	0
12182	0
12401	0
17537	0
18944	0
5164	0
21842	0
14773	0
13634	0
20984	0
20343	0
17971	0
6481	0
12597	0
9051	0
12097	0
5565	0
1584	1
222	0
9038	0
13548	1
11686	0
17057	0
1279	1
11243	0
18835	0
3612	0
9468	0
12983	0
8091	0
5561	0
12036	0
5437	0
9776	0
7511	0
18799	0
14173	0
15646	0
10288	0
13119	0
12817	0
3385	0
4101	0
4860	0
7048	1
1784	0
7218	0
11544	0
16070	0
6930	0
21083	0
16104	1
571	0
6523	0
11919	0
22036	0
9513	0
9511	0
21699	1
7447	0
5200	0
3065	0
16812	0
3057	0
7284	0
762	0
12307	0
4877	0
9567	0
18045	0
12499	0
4712	0
14899	0
9372	0
18060	0
12447	0
17369	0
13743	0
7670	0
16354	0
9376	0
1730	1
8841	0
5249	0
4277	0
21504	0
7645	0
13891	0
4285	0
13393	1
17176	0
2714	0
3459	0
5196	0
8779	0
18859	0
19843	0
4637	0
13081	0
11660	0
18139	0
4824	0
13997	0
15121	0
17351	0
8078	0
14532	0
10609	0
12375	1
9365	0
18027	0
11466	1
14389	0
15427	0
16143	0
8885	0
11618	0
12234	0
6624	0
17145	0
294	1
12755	0
21514	0
8962	0
5539	0
21476	0
7696	1
8458	0
2755	0
8821	0
13387	0
9422	1
1759	0
9147	0
20350	0
21196	0
12306	0
15490	0
18140	0
10116	0
12550	0
17495	0
13498	1
2413	0
20466	0
9890	0
7187	0
20647	1
16428	0
2664	0
21455	0
12463	0
21391	0
1641	0
8264	0
11750	0
9156	0
11339	0
20741	0
10955	0
9872	0
19327	0
10753	0
18047	0
20033	1
3981	0
9952	0
19484	0
3291	0
13802	0
18209	0
16762	0
15836	0
20618	0
7448	0
17421	0
2559	0
13549	0
20865	0
14052	0
19748	0
12632	0
17372	0
1505	0
21733	0
1483	0
19613	0
5356	0
4953	0
11493	0
16126	0
18845	0
11073	0
13454	1
13313	0
1098	0
3508	0
22019	0
16149	0
16641	0
8416	0
21201	0
10623	1
1571	0
15568	0
9905	0
13723	0
7390	1
11414	1
8967	0
18111	0
17969	0
17437	0
14968	0
21750	1
954	0
4908	0
20041	0
21458	0
5569	0
8054	0
20152	1
7154	0
1949	0
15444	0
66	0
11601	0
1869	0
17441	0
16908	0
13753	0
19174	0
16523	0
17556	0
16674	0
19719	0
13594	1
12267	0
21307	0
12794	0
4590	0
19244	1
2358	0
14381	0
21579	0
6071	0
386	0
14892	1
356	0
11458	0
12611	0
3637	0
4418	0
14660	0
16767	0
9433	0
5680	0
6827	0
18794	0
1163	0
17763	0
10864	0
2154	0
16873	0
3195	1
15824	0
20160	0
2719	0
12021	0
7320	0
2905	0
3433	0
22053	0
15001	0
1328	0
19035	0
6953	0
978	0
10961	0
8069	0
11092	0
13167	0
21291	0
7365	0
6347	0
13651	0
7251	0
6993	0
2798	0
16778	0
72	0
4061	0
15127	0
15347	0
13775	0
6299	0
13401	0
12070	0
15380	0
20275	0
13475	1
3774	1
11479	0
2321	0
14561	0
13553	0
16546	0
11946	0
21310	1
18426	0
6687	0
21594	0
6334	0
20490	0
7185	0
4064	0
18393	0
20007	0
12740	0
12653	0
15323	0
5924	0
3605	0
8527	0
2064	0
16441	0
1298	0
3986	0
19495	0
1022	0
18296	0
7353	0
21662	0
3755	0
13306	0
4389	0
19801	0
20529	0
14936	0
3136	0
12663	0
10929	0
365	0
21747	0
7304	0
14005	1
18609	0
4100	0
21200	0
21812	0
17444	0
5332	0
21682	0
2365	0
10667	0
754	0
2593	0
137	0
2823	0
18775	0
809	0
2554	0
10605	0
12763	0
1077	0
15370	0
5088	0
18840	0
10799	0
3036	0
628	0
10938	0
15320	0
17918	0
1381	0
9571	0
1437	0
6957	0
8310	0
16453	0
715	0
18293	0
14239	0
21960	0
18851	0
6856	1
14943	0
16417	0
17257	0
4855	0
13288	0
398	0
18394	0
20655	0
14208	0
2214	0
7557	0
20333	0
2116	0
11794	1
14961	0
8377	0
13110	0
17236	0
6891	0
12493	0
15239	0
1380	1
11957	0
7140	0
6041	0
14537	0
2124	0
19702	0
13373	1
19313	0
12814	0
12168	0
14797	0
1683	0
2855	0
20905	0
550	0
10626	0
16995	0
10082	0
6408	0
11195	0
49	0
21463	0
19152	0
14447	1
6682	0
2464	0
17227	0
13199	0
6447	0
19134	0
11699	0
12490	0
295	0
20901	0
1969	0
14832	1
21426	0
21081	0
10776	0
15047	0
1708	0
14262	0
18900	0
21480	0
5571	0
18415	0
15938	0
7877	0
15171	0
1701	0
12269	0
13603	0
7937	0
200	0
18416	0
1028	0
5822	0
14671	0
788	0
4538	0
17772	0
17015	0
7524	0
18269	0
1921	0
10130	0
15176	0
22054	0
20697	0
14829	0
17323	0
940	0
18097	0
19661	0
4903	0
13509	0
17618	0
7491	0
8833	0
8606	1
16763	0
17317	0
14038	0
13533	0
11975	0
11459	1
14800	1
19509	0
19078	1
4531	0
4742	0
4665	0
5248	0
19878	0
20691	0
763	1
21297	0
17692	0
3248	0
9308	0
11515	0
7182	0
11896	0
2988	0
6677	0
16833	0
20266	0
17084	0
3218	0
15706	1
8353	0
12015	1
17286	0
16199	0
4211	0
2775	0
604	0
2466	0
8019	0
7456	0
16232	0
45	0
1581	1
975	0
19167	0
5212	0
19671	0
12551	0
16793	0
4018	0
1693	0
11254	0
14211	0
3481	0
15826	0
16808	0
5367	0
6771	0
14049	0
15816	0
19389	0
16619	0
11427	0
2681	0
7808	0
9286	0
1181	0
3059	0
14727	0
14761	0
10631	0
1871	0
14236	0
13102	0
4245	0
2615	1
9136	0
2454	0
8868	0
18346	0
15868	1
14921	0
11800	0
20348	0
11085	0
11877	0
14216	0
19037	0
20786	0
4055	0
7707	0
3067	0
6554	0
19172	1
4276	1
2489	0
7079	0
14924	0
4940	0
15772	0
19050	0
20484	0
7761	0
10601	0
12397	0
12	0
1304	0
1736	0
11377	0
16470	0
8931	0
9305	0
15587	0
6986	0
16490	0
8187	0
15627	0
2980	0
9227	1
16482	0
20239	1
12976	0
17140	0
15922	0
1436	0
5002	0
3732	1
14310	1
1600	1
13165	0
5711	0
8767	0
13271	0
21615	0
10079	0
19490	1
18899	0
2117	0
21157	0
5830	0
6461	0
18780	0
16396	1
8624	0
7829	0
6223	0
1723	0
1820	0
13972	1
15798	0
18362	0
15802	0
6370	0
7691	0
15918	0
12969	0
3431	0
17144	1
11221	0
11409	0
18423	0
6343	0
3841	0
14871	0
6563	0
908	0
15955	0
5813	0
18624	0
20008	0
16223	1
4700	0
1501	1
10339	0
13648	0
18408	0
8843	0
1271	0
18809	0
14679	0
10894	0
11512	0
21798	0
1125	0
886	0
10236	0
2976	0
1552	0
11672	0
5968	1
14938	0
21119	0
17220	1
10276	0
1922	0
8781	0
14940	0
3747	0
10247	0
13479	1
7352	0
5683	0
20101	0
10612	0
5520	0
658	0
17529	0
3557	0
8971	1
10870	0
4348	0
6035	0
12642	0
8557	0
19418	0
6873	0
16312	0
8018	1
589	0
5910	0
6397	0
21726	0
2604	0
6754	0
9208	0
15338	0
8212	0
7459	0
9817	0
3655	0
14864	0
15534	0
9033	0
15733	0
15841	0
7748	0
15087	0
19448	0
5161	0
9044	0
14098	0
6266	0
18236	1
19332	0
17617	0
11289	0
20796	0
3824	0
9366	0
15308	0
5631	0
4074	0
7659	0
1931	0
15916	0
16757	1
10162	0
6742	0
16242	0
17325	0
12725	0
21323	0
21696	0
8742	0
15730	0
9012	0
17168	1
15034	0
16983	0
7051	1
4863	1
14528	0
20197	0
19489	0
11596	0
11127	0
14124	0
12191	0
2476	0
13339	0
11649	0
1915	0
5302	0
4735	0
12545	0
6578	0
10903	0
209	0
12491	0
15086	0
17981	0
1840	0
11258	0
15507	0
10367	0
7859	0
3512	1
2820	1
3032	0
21466	1
2336	0
9931	0
9710	0
8935	0
18865	0
4641	0
7149	0
19446	0
5126	1
734	0
12931	0
10113	0
16419	0
9046	0
3578	1
8351	1
12315	0
4183	0
1554	0
11256	0
21178	0
2043	0
1612	0
18108	1
16721	0
14885	1
14953	1
13186	0
14884	0
11539	0
4900	0
4758	0
9133	0
14341	0
14896	0
5148	0
3748	0
21633	0
13025	0
16406	1
18776	0
8116	0
21438	0
7772	0
12747	0
4767	0
10845	0
10579	0
11494	0
3160	0
18445	0
6021	0
11334	1
5848	0
5607	0
1418	1
5592	0
16178	0
14019	0
2403	0
4548	0
17011	0
5907	0
9255	0
7515	0
9518	0
130	0
14087	1
2122	0
13836	0
3230	0
4471	0
16020	0
20213	1
3513	0
7423	1
13596	0
10310	0
5469	0
14690	0
15810	0
7875	0
2487	0
14464	0
5354	0
7921	0
18308	0
15799	0
4942	0
3375	0
10459	0
19565	0
14759	0
5690	0
14024	0
10893	0
12708	0
13572	0
7898	0
601	0
10884	0
10778	0
17052	0
17979	0
16270	0
6837	0
13247	0
1896	0
5175	0
558	0
13649	0
14347	0
20822	0
6529	1
10324	0
17305	0
3573	0
11366	0
574	0
13613	1
17576	0
15879	1
17392	0
16732	0
14525	0
12618	0
5577	0
4430	0
7461	0
15168	0
988	0
13356	0
1761	0
20662	1
17866	0
13151	0
6276	0
10810	1
303	1
687	0
14739	0
15743	0
18455	1
2572	0
3811	0
1311	1
11865	0
6589	0
20024	0
1157	0
14640	0
21977	0
811	0
5071	0
10865	0
7646	0
12558	0
4391	0
11294	0
13935	0
19624	0
14444	0
2530	0
10756	0
13707	0
15042	0
8481	1
12718	0
5352	0
6136	0
12834	0
19442	0
1920	0
19298	0
17306	0
9258	0
9411	0
15295	0
2951	0
15831	0
15713	0
4834	0
3559	0
14993	0
7073	0
6708	0
17496	0
5240	0
12511	0
12902	0
10378	0
3000	1
1473	0
21067	0
13862	1
18039	0
20099	0
19794	1
19258	0
14229	0
9413	0
13746	0
1282	0
11176	0
18404	0
15589	0
8968	0
6573	0
4328	0
392	0
16138	0
15331	0
10409	0
6537	0
15226	0
5958	0
3380	0
21105	0
10315	0
4679	0
17100	0
9739	0
703	0
20880	1
19257	0
7717	0
11528	0
18427	0
2032	0
16235	0
20271	0
10775	0
5529	0
14987	1
21009	0
6440	0
8047	0
11807	0
6765	0
3015	0
16444	0
15838	0
3153	0
15924	1
14108	0
11039	0
16541	0
15080	0
4227	0
5562	0
16434	0
2594	0
13827	0
11885	1
19910	0
5143	0
9939	0
15029	0
13101	0
10997	0
7494	0
7610	0
16515	0
9271	0
7738	0
667	0
2879	1
8947	0
221	0
2094	0
21576	0
21802	0
409	1
20553	0
16829	0
11245	0
14151	0
19349	0
13897	0
2021	0
11504	0
20736	0
278	0
8974	0
18046	0
18339	0
16774	0
2044	0
8895	0
18855	0
5800	0
21355	0
12502	0
6175	0
15658	1
9746	1
12731	0
2778	0
18655	0
13161	0
13384	0
20575	0
19841	0
6120	0
40	1
15946	0
7007	1
20879	0
19400	0
21936	0
690	0
10965	0
8874	0
1962	0
9316	0
17688	0
14643	0
9542	0
8829	0
9618	0
13654	0
20475	0
16206	0
19471	0
4522	0
12654	0
16637	0
20989	0
1959	0
6676	0
16002	0
18770	0
21742	0
15446	0
19567	0
10558	0
13177	0
18971	0
9592	0
20600	0
10384	0
7852	0
4321	0
6277	0
13981	0
12950	0
21861	0
6228	0
13967	0
9671	0
10841	0
16401	0
20385	0
14523	0
4534	0
8786	0
19129	1
15986	0
15375	0
3608	0
2794	0
11266	0
13853	1
15225	0
3908	0
9114	0
5602	0
6295	0
10221	0
8503	1
5718	0
14311	0
7169	0
486	0
18489	0
5474	0
5732	0
3099	0
20851	0
5242	0
382	0
16650	0
16501	0
18292	0
1394	0
12583	1
2568	0
12682	0
19530	0
17870	0
21356	0
22013	0
5970	0
3914	0
15969	0
10183	0
21441	1
16891	0
7077	0
12078	0
11878	0
1284	0
11468	0
18647	0
15605	0
5025	0
15740	0
5275	0
14852	0
12214	0
7594	0
2935	1
4294	0
3468	0
21074	1
14803	0
2991	0
5537	0
16353	0
562	0
7791	0
4283	0
1458	0
8745	0
19250	1
15990	0
10544	0
16037	0
21097	0
7225	0
10347	0
18008	0
21143	0
612	0
2348	0
3646	0
1508	1
18934	0
17882	0
15770	0
6123	0
3402	0
1911	0
16602	0
21879	0
1162	0
15585	0
443	0
9699	0
8213	0
8532	0
15765	0
9552	0
14648	0
20788	0
5159	1
9652	0
9704	0
13264	0
10705	0
17491	0
2127	0
16840	0
5994	0
17223	0
17711	0
20755	0
1846	0
13106	0
10675	0
19830	0
13928	0
18303	0
7541	0
21287	0
7903	0
19668	0
592	0
5733	0
15505	0
21730	0
10142	0
14635	0
18223	0
6633	0
18030	1
4003	0
21179	0
563	0
21282	0
5886	0
7230	0
21784	0
2457	0
14011	0
17899	0
5014	0
15928	0
11675	0
14409	0
10906	0
4080	0
4843	0
21513	0
5598	0
2709	1
16775	0
14434	0
6464	0
19470	0
5479	0
9891	0
2657	0
6616	0
9075	0
8444	0
5557	0
19314	0
15341	0
7470	0
12828	0
2468	0
19136	0
9234	0
15988	0
18679	0
1818	0
2058	0
13855	0
21380	0
11463	0
64	0
10833	0
18826	0
7813	0
3098	0
15496	0
9492	0
11467	0
19531	0
10944	0
18195	1
9994	0
16422	0
1324	0
17040	0
1321	0
14905	0
11910	0
17694	0
669	0
8358	0
3476	0
11612	0
20236	0
18113	1
645	0
12713	0
10340	0
15667	0
17869	0
4812	0
21192	1
7943	0
19890	0
10244	0
13223	0
9659	0
21214	0
13993	0
6943	0
12301	0
7071	0
9956	0
20215	0
4987	0
20881	0
4962	0
10861	0
2477	0
11854	0
15397	0
1520	0
3836	0
10724	0
540	0
7802	0
16761	0
5662	0
6664	0
18629	0
19496	0
17245	0
2911	0
11490	1
2835	0
11189	0
9892	0
6863	0
10425	0
10044	0
8837	0
8858	0
7285	0
19734	0
12471	0
10828	0
19348	0
11038	0
249	0
895	0
2658	1
4107	0
16796	0
543	0
4023	0
15835	0
15673	0
16139	0
15110	0
18338	0
9765	0
4915	0
10796	1
5096	0
17627	1
13894	0
3934	0
13449	0
16652	0
10325	0
507	0
1396	0
16847	0
2045	0
9883	0
3429	0
18254	0
11320	0
19461	0
16550	1
16555	0
21276	0
18493	1
3232	0
15901	0
17934	0
1395	0
6962	0
2284	0
21723	0
12294	0
11448	0
21992	0
500	1
19440	0
19600	1
17181	0
12367	0
16310	0
18353	1
15431	0
17622	0
21365	0
16316	0
1560	0
19772	0
19907	0
19209	0
22031	0
12592	0
20634	0
6489	0
3902	0
6857	0
6897	0
14749	0
17362	0
2228	0
10192	0
21776	0
1565	0
4934	0
21921	0
8530	0
13886	0
14322	0
14609	0
7550	1
20281	0
1967	0
7209	0
21220	0
12990	0
19625	0
16551	0
12824	0
14320	0
472	0
14952	0
13205	0
18688	1
710	0
15455	0
14336	0
9734	0
12128	0
5605	0
3362	0
10306	0
7837	0
2316	0
16890	0
1672	0
18928	0
2411	0
6374	0
1702	0
731	0
13022	0
968	0
19173	0
19096	0
7147	0
20148	0
9047	0
5971	0
4675	0
1366	0
20975	0
4585	0
18801	1
21142	0
11584	1
14432	0
15207	0
960	0
21393	0
5330	0
4138	0
5646	0
20892	0
10463	0
4013	0
11107	0
11055	0
6843	0
5491	0
16010	1
3775	0
14955	0
1756	0
11695	0
11790	0
8723	0
18500	0
11669	0
12291	0
21507	0
10097	0
15618	0
8941	0
15547	0
10286	0
10322	0
13682	0
4539	0
13678	0
3529	0
18533	0
551	0
9242	0
6805	0
10898	0
18938	0
6894	0
5166	0
21122	0
15631	0
2380	0
2809	0
6941	0
12473	0
12772	0
10630	0
13035	0
1717	0
15699	0
117	0
1423	0
5380	0
10570	1
5434	0
8672	0
20378	0
9264	0
11837	0
7376	0
9303	0
17222	0
4247	0
1364	0
20620	0
5163	0
7942	0
1932	0
17295	0
6555	0
3415	0
7945	0
2802	0
15615	0
6319	0
6331	1
15143	0
15622	1
18288	0
2020	0
10172	1
14670	0
15022	0
18669	0
10823	0
3338	1
9638	0
1879	0
1246	0
3694	0
18087	0
11810	0
15668	0
21317	0
8800	0
19683	0
4408	0
21934	0
7460	0
5974	0
7778	0
21448	1
8942	0
10220	0
3569	0
7380	0
7025	0
6530	1
5672	0
10137	0
2793	0
9537	0
7832	0
9595	0
14605	0
18882	0
1481	0
6823	1
6304	0
2190	0
15043	0
11353	0
9353	0
14854	0
3846	1
16194	0
13978	0
9583	0
5092	0
5840	0
8236	0
8751	0
10948	0
11325	0
12662	0
8650	0
20142	0
7532	0
5772	0
9201	0
18487	1
10800	0
925	1
4139	0
6017	0
19901	0
17796	0
11153	0
20732	0
17388	0
5786	0
3278	0
1434	0
12977	0
6716	0
7221	0
9257	0
7827	0
11680	0
13450	0
10184	0
17416	0
15120	0
9421	0
10272	0
19541	0
19788	0
9097	0
12216	0
5232	0
19547	0
14036	0
15432	1
13824	0
9641	0
17137	0
14624	0
20080	0
16573	0
1917	0
17844	0
4075	0
12533	0
777	0
12370	0
17188	0
16225	1
1273	0
4696	0
12862	0
9563	1
12452	0
21703	0
5494	0
10435	0
15471	0
4082	0
19508	0
372	0
15395	0
10883	0
3540	0
5153	0
4595	0
18260	0
38	1
13246	0
9103	0
18337	0
4122	1
10999	0
16238	1
3703	0
15930	0
6089	0
16785	0
9450	0
20085	0
20489	0
17360	0
21154	1
10848	0
7563	1
6575	0
10849	0
4094	0
20181	0
15438	0
19967	1
16697	0
2915	0
9447	0
3957	1
6750	0
10056	0
9564	0
15107	0
12150	0
4309	0
5443	0
6531	0
3507	0
1781	0
15313	0
3378	0
3547	0
3816	0
13781	0
8645	0
3231	0
6137	0
7105	0
599	0
15396	0
12172	0
13276	0
21217	0
16942	0
15185	0
11629	0
14010	0
3928	1
20176	0
4028	0
21813	0
13937	0
16262	0
13688	0
8071	0
15332	0
20212	0
13817	1
19846	0
13248	0
16494	0
19253	0
5420	0
3520	0
17095	0
2849	0
7715	0
8634	0
16603	1
18476	0
7710	1
17272	0
6737	0
15872	1
21976	0
16158	0
8158	0
18675	0
15586	0
7960	0
9307	0
15435	0
2260	0
20440	0
16326	0
2525	0
16989	0
4153	0
16578	0
8424	0
19975	0
3642	0
6671	0
18689	0
1052	0
1464	0
11761	0
15454	0
1457	0
1143	0
21954	0
10836	0
8495	0
15687	0
11383	0
5270	0
584	0
12092	1
12200	0
21867	0
4044	0
2545	0
2521	0
2079	0
13991	0
13197	0
2972	0
2042	0
6560	0
5532	0
17198	0
7444	0
5485	0
4905	0
1069	0
150	0
8165	0
19836	0
5037	0
8688	0
7038	1
20857	0
1538	0
16228	0
6817	0
12870	0
11264	0
2431	0
18949	0
12872	0
21255	0
18830	0
13999	0
19135	0
11845	0
14937	0
14893	0
18631	0
8233	0
4223	0
1901	0
7894	0
10857	0
13065	0
8441	0
19498	0
21168	0
19852	0
15682	0
18033	0
11519	0
13032	0
13273	0
21577	0
12187	0
15808	0
20946	0
2616	0
12982	0
21572	0
7243	0
73	1
12479	0
16014	0
8563	0
1468	0
7176	0
10495	0
18614	0
12991	0
8741	1
6541	0
7031	0
7503	0
10243	0
17943	0
4733	0
2510	0
15392	0
21775	0
8413	0
16357	0
19724	0
9600	0
11007	0
11207	0
13272	1
6162	0
9556	0
14125	0
82	0
14305	0
19716	0
18725	0
13491	0
17175	0
9534	0
20777	0
6432	0
8488	0
21396	0
8975	0
20819	0
19582	0
10816	0
19217	0
2409	0
18863	1
5871	0
13176	0
15761	0
14349	0
3121	0
6548	0
15057	0
19848	0
18202	0
14764	0
17615	0
16683	0
7068	0
1248	0
676	0
9526	0
8956	0
938	0
5425	1
17000	0
18853	0
19641	0
16154	0
21981	0
7762	0
12906	1
5361	0
16532	0
12184	0
11508	0
20174	0
8463	0
16292	0
11953	0
15136	0
15410	0
6532	0
21653	0
12094	0
14127	0
16219	0
2848	1
1728	0
3995	0
15422	0
18485	0
17573	0
5340	0
12719	0
16867	0
8501	0
6318	0
179	0
13809	0
17709	0
7654	0
3300	0
18347	0
1498	0
17911	0
8010	0
21666	0
21230	0
14972	0
10053	0
21209	0
9522	0
9397	0
6147	0
7289	0
19518	0
12440	0
18442	0
6468	0
15429	0
10625	0
17583	0
8177	0
7805	0
7651	0
21639	0
15044	0
15604	0
1099	0
9014	0
10553	0
14717	0
19974	0
14479	0
21864	0
12389	0
8702	0
9228	0
15291	1
4856	0
19189	0
10414	0
11811	0
12445	1
3401	0
3075	0
7688	0
7406	0
9980	0
6558	0
9896	0
18154	0
18529	1
8141	0
16092	0
19169	0
18302	0
4053	0
17811	0
19319	1
21680	0
2153	0
16725	0
13605	0
1535	0
14730	0
17912	0
18449	0
2366	0
9850	0
17497	1
4273	0
3464	0
9840	0
20988	0
8951	0
1154	0
9029	0
10670	1
7012	0
7065	0
2102	0
9313	0
12857	0
5399	0
5192	0
8360	0
21828	0
10186	0
12552	0
2824	1
16051	0
20646	0
14247	0
3635	1
14304	0
3173	0
21554	0
7043	0
20993	0
19753	0
17185	0
10568	0
16751	0
11177	0
18847	0
4968	0
544	1
13837	0
13869	0
17008	0
347	1
8012	0
2512	0
10001	0
5436	0
19751	0
6287	0
12938	1
1488	0
15873	0
18100	0
21130	0
288	0
11491	0
10397	0
21206	1
1954	0
16814	0
13097	0
18094	0
2931	0
3641	0
805	0
6401	0
2854	0
7773	0
6457	0
13419	0
18330	0
18016	0
12959	0
4752	0
1704	0
1891	0
12400	0
7956	0
18070	0
4757	0
3759	0
261	0
14734	0
5784	0
11121	1
18988	0
17632	0
15752	0
2818	0
10264	0
21232	0
22000	0
13980	1
11220	0
1642	0
18142	0
14008	0
9645	1
12699	0
1627	0
5282	0
5782	0
1980	0
17125	0
11510	0
10618	0
20241	0
6205	1
9481	0
14180	0
8990	0
2518	0
20172	0
8863	0
2814	0
17470	0
15310	1
7307	0
16672	1
6847	0
18869	0
12049	1
1780	0
6925	0
19459	1
8435	0
2571	0
5821	0
166	0
13754	0
1104	0
11297	0
21912	0
13041	0
11159	0
98	0
14258	0
15167	1
16255	1
6091	0
17678	1
12278	0
3563	0
10342	0
3990	0
13418	0
20740	0
96	0
15498	0
2772	0
19665	0
10795	0
12124	0
4311	1
17212	0
15052	0
5705	0
14313	0
1885	0
17133	0
20898	0
14335	0
19237	0
10321	1
18477	1
21024	0
8139	1
20244	0
8198	0
1544	0
20082	0
3516	0
13520	0
8370	0
14840	0
8490	0
12945	0
11621	0
7697	0
5759	0
8982	0
2262	0
375	0
1849	0
12886	0
17034	0
19357	0
9073	0
11887	0
7398	1
11662	0
13612	0
7224	0
17748	1
2120	0
3323	1
3626	0
14997	0
893	0
9083	1
16675	0
17363	0
2952	0
2788	0
1623	0
12396	0
20235	0
20893	0
611	0
21904	0
4979	0
4990	0
14384	0
11066	0
2701	0
2157	0
7545	1
7278	0
6634	0
1231	0
2293	0
19639	0
7683	1
18931	0
16098	0
8992	0
1478	0
3614	0
5982	0
784	0
1072	0
11819	0
4268	0
9700	0
15783	0
20201	0
108	0
1961	0
10026	0
12133	1
16256	1
194	0
21413	0
9841	0
18250	0
18121	0
3417	0
13258	1
17262	0
14382	0
21854	0
1146	1
13432	0
21496	0
14022	0
10798	0
21568	1
12690	0
15572	0
6025	0
12756	0
11729	0
5255	0
4535	0
5545	0
15348	0
4040	0
10885	0
1334	0
6067	0
14418	0
17806	0
9959	0
5956	0
16838	0
14042	0
14718	0
5865	0
10599	0
4441	0
13116	0
18703	0
22016	0
2204	0
20894	0
9334	0
3839	0
4508	0
6504	0
20888	0
13822	0
6691	0
1707	0
21026	0
10863	0
55	0
9562	0
4982	0
21592	0
16630	0
19449	0
21886	0
4530	0
21929	0
15696	1
21338	0
3077	0
7552	0
17217	0
2455	0
15015	0
11010	0
20306	0
1174	0
7395	0
7421	0
7342	0
1715	0
1430	0
7	0
12954	0
6262	0
16147	0
5134	0
21500	0
5223	0
21800	0
8456	0
16580	0
18333	0
15399	0
20500	1
14001	0
11418	0
11718	0
15771	0
3543	0
11101	0
4551	0
6088	0
15203	0
11674	1
15265	0
7949	0
12863	0
14281	0
11861	0
327	0
14760	0
19079	0
18868	0
10685	0
1250	0
2423	0
19154	0
5812	0
21546	1
22047	0
19650	0
19992	0
13278	0
2438	0
19192	0
21395	0
17483	0
7502	0
12232	1
1201	0
6391	0
11012	0
1315	0
16327	0
10148	0
19240	0
17114	0
4796	0
17559	0
11051	0
3817	0
11311	0
284	0
21975	0
13842	0
21174	0
20759	0
2845	0
13673	1
7522	0
4844	0
21779	0
13086	0
16660	0
19346	0
2551	0
13588	0
14577	0
11260	0
11111	0
19896	0
11279	0
3496	0
8237	0
12475	1
7393	0
9488	0
3442	0
6641	0
20767	1
4552	0
17888	0
180	0
17466	0
9533	0
14186	0
19770	0
8599	0
7990	1
358	0
15892	0
9	0
3778	0
21335	0
5187	1
4866	0
6360	0
758	0
12605	0
2063	0
22044	0
13068	0
15048	0
7136	0
21628	0
15032	0
12082	0
4640	0
18978	0
3700	0
20568	0
14293	0
20293	0
15082	0
18604	0
17687	0
10912	0
15805	0
13558	0
11398	0
7213	0
12240	1
15303	0
1285	0
15902	0
15821	0
6963	1
2783	0
17036	0
10908	1
10253	0
10738	0
14857	0
5113	0
15780	0
19342	0
9868	1
6281	0
20538	0
20756	0
20633	0
9378	0
15255	0
14604	0
7156	0
21923	0
1613	0
20631	0
11974	0
18955	0
6171	0
19731	0
11744	0
21072	0
18927	0
12643	0
10514	0
18472	0
570	0
14161	0
14291	0
13436	0
12034	0
20127	0
33	0
21598	1
21643	0
19331	0
20120	0
20856	0
3281	0
10591	0
16811	0
17816	0
15317	0
8427	1
11550	0
14163	0
10360	0
11913	0
4785	0
7480	0
5894	0
19350	1
13512	0
19655	0
17045	0
6322	0
5304	0
18516	0
21563	0
12921	0
12505	0
3565	0
7159	0
19074	0
3815	0
6254	0
639	0
6818	1
15285	0
21210	0
3638	0
19928	0
6914	0
18576	0
2645	0
8163	0
13826	0
260	0
17547	0
10195	0
20198	0
5769	0
18256	1
13030	0
5011	0
18538	0
13877	0
2920	0
2541	0
16346	0
1269	0
4197	0
16094	0
20773	0
17326	0
5991	0
692	0
20070	0
5742	0
9346	0
9191	0
1832	0
1078	0
4947	0
20392	0
12302	1
20461	0
2189	0
15763	0
1628	0
14957	0
16662	0
21296	0
21099	0
7070	0
17786	0
7793	0
1249	0
4078	0
14474	0
21133	0
4095	0
9245	0
20443	0
3651	0
6166	0
22030	0
15825	0
12312	0
15091	0
2533	0
18274	0
9154	0
8150	0
21273	1
13367	0
4713	0
5357	0
341	0
16976	0
7479	0
20226	0
3564	0
8031	0
3329	0
11881	0
4411	0
9651	0
18879	0
15742	0
9129	1
15744	0
9225	0
880	0
11783	0
14079	0
7248	0
20238	0
9917	0
7776	0
20159	0
905	0
350	0
9901	0
8154	0
13907	1
14745	0
20448	0
20852	0
719	0
14006	0
15774	0
14939	1
8540	1
9572	0
11906	0
2622	0
4351	0
12917	0
7611	0
6094	0
1978	0
8764	0
10123	0
15469	0
10222	0
115	0
12162	0
15123	0
3264	0
12285	0
17458	1
19145	1
16986	0
818	0
3742	0
7951	0
5618	1
3884	1
5383	0
10141	0
12014	0
19204	1
11184	0
1082	0
18237	0
529	0
17851	0
13799	0
8183	0
19717	0
9907	0
4854	0
1219	0
18524	0
4414	1
2004	0
10345	0
12091	0
5667	0
11556	0
10530	1
2401	0
4969	0
3044	0
12968	0
1626	0
7996	0
463	0
8015	0
17440	0
3367	0
17064	0
6804	0
8552	0
20807	1
18606	0
19897	0
14596	0
12398	0
11939	0
7233	0
6730	0
9302	0
2076	0
8717	1
21757	0
8916	0
17949	0
13255	0
15856	0
11075	0
2515	0
14365	0
5608	0
11273	0
11518	0
7314	0
2099	0
1711	0
16085	0
18608	0
14895	0
18968	0
4492	0
2958	0
17859	0
5590	0
4523	0
13617	0
3009	0
17706	0
21942	0
3580	0
20992	0
14620	0
5412	0
20393	0
7826	0
3533	1
12613	0
19012	0
2060	0
7573	0
21419	0
3531	0
18818	0
6332	0
16681	0
11779	0
16462	0
4786	0
12555	0
2769	0
10371	0
15499	0
5709	0
18336	0
19241	0
14808	0
18501	1
1260	0
5623	1
13486	0
12569	1
9377	0
3434	0
16391	0
8776	0
10512	0
969	0
4491	0
2104	0
4228	0
6721	1
21085	0
15932	0
1862	0
9701	0
14072	0
18378	0
6673	0
5604	0
7814	0
2797	0
1145	1
16130	0
13908	0
20712	0
2254	0
14769	0
9177	0
7370	0
16556	0
10922	0
15152	0
2806	0
21020	0
2739	0
1923	0
12290	0
19948	0
17603	0
143	0
5505	0
7595	0
77	0
9039	0
5416	0
3239	0
9069	0
3148	0
9753	0
4574	0
13885	1
19080	0
6037	0
21752	0
5289	1
707	0
13930	0
17097	1
15457	0
15129	0
8602	0
8985	0
4734	0
18055	0
16786	0
21367	0
1327	0
7496	0
11317	0
7676	0
18437	0
21651	0
5050	0
5939	0
2617	0
3371	0
19954	0
10785	0
2614	0
9152	0
17590	0
16079	0
17163	0
19475	0
10742	0
3736	0
14286	0
3549	0
9814	0
2643	0
21491	1
12816	0
6845	0
7751	0
12745	0
20404	0
19927	1
18539	0
7403	0
17656	0
17148	0
15683	0
16253	0
2881	0
15632	0
14714	0
9493	0
14677	0
21038	0
19309	0
18908	0
1744	1
19198	0
16510	0
15378	0
21815	0
5875	0
6748	0
10379	0
7831	0
13337	1
20764	0
16161	0
9796	0
18966	0
8566	0
16313	1
478	0
2131	0
9290	1
6726	0
4793	0
12720	0
21227	0
10110	0
20830	0
10441	0
1421	0
19675	0
18463	0
5727	1
8623	0
444	0
19359	0
1087	0
21236	0
13879	0
21892	0
2639	1
18129	0
16230	0
18936	0
16994	0
8210	0
14599	0
6597	0
6722	1
19086	0
13426	0
19596	0
1929	0
12972	0
1379	0
15299	0
11303	0
11004	0
9626	0
17717	0
3006	0
12430	0
16803	0
17070	1
14784	0
4594	0
11920	0
12779	0
9655	0
396	1
12546	0
20190	0
4541	0
11036	0
655	0
21132	1
16560	1
6854	0
15557	0
12203	0
21983	0
3994	0
12132	0
6242	0
16	0
14139	0
7485	0
15141	0
8261	0
14041	0
7124	0
6113	1
5636	0
487	0
6738	0
17420	0
16839	0
820	0
18414	1
5746	0
21028	0
14659	0
8386	0
21456	0
16694	0
825	0
5675	0
21718	0
19899	0
9585	0
21377	0
17263	0
15768	0
15193	0
16506	0
11456	1
2749	0
14505	0
4496	0
13064	0
12044	0
18388	0
21525	0
9954	0
1297	0
3225	0
2274	0
3137	0
14676	0
7992	0
12316	0
15616	0
4376	0
15652	0
9276	0
10470	0
17331	0
6880	0
2036	0
7446	0
18852	0
19208	0
13305	0
7864	0
10931	0
10064	0
15	0
8384	0
13936	0
10707	1
212	0
14030	0
18028	1
4121	0
11319	0
12571	0
1357	0
1825	0
15149	0
20382	0
3306	0
6144	0
9932	0
16450	0
20809	0
18324	1
3222	0
19978	0
7890	0
13411	0
9762	0
2309	0
11332	0
2244	0
20098	0
20734	0
16110	0
16557	0
1895	0
13571	0
6441	0
5030	0
3522	0
15214	0
13537	1
19812	0
2646	0
20423	0
10654	0
4681	0
9795	0
2843	0
3875	0
10477	1
21019	0
11361	0
5404	1
12190	0
15018	0
12068	0
12241	1
12126	0
1801	0
5873	0
18795	0
6569	0
18584	0
7873	0
21595	0
18348	0
10752	0
2784	1
5257	0
3692	0
649	0
4426	0
17126	0
2808	0
9196	0
1025	0
14370	0
17503	0
11002	0
6836	0
176	0
13023	0
16988	0
15921	1
4355	0
7262	1
421	0
1270	0
12787	0
298	0
5689	0
4931	0
3003	0
13183	0
1674	0
8439	0
12750	0
8197	1
14043	0
11988	0
9727	0
11242	0
4473	0
2215	1
13725	0
19634	0
20143	0
8793	0
8610	0
8042	0
15506	0
8677	0
20355	0
585	0
21346	0
18163	1
14909	0
13922	0
3272	0
19924	0
14091	0
981	0
8115	0
11771	0
4403	0
19968	0
310	0
15131	0
20703	0
8298	0
21502	0
4193	0
4280	0
16140	1
16167	0
272	0
18733	0
7141	0
18867	0
10017	0
17343	0
20379	0
1507	0
21316	1
19372	0
13668	0
1789	0
2404	0
10648	0
13173	0
8625	0
35	0
7961	0
774	0
5696	0
1102	0
10682	0
21062	0
6053	0
17599	0
17273	0
342	0
1521	0
3207	0
15555	0
15952	0
5984	0
9848	0
5465	0
16150	0
10076	0
13357	0
2894	0
14178	0
9501	0
6625	0
3939	0
14768	0
19774	0
4486	0
12543	0
21150	0
19544	0
16964	0
17318	0
4346	0
3303	0
21931	0
20255	0
12525	0
11971	0
953	0
17616	0
12239	0
20389	0
21004	0
3525	0
17141	0
13111	0
397	0
14358	0
14971	0
2547	0
18965	0
872	0
7680	0
1731	0
18009	0
5997	0
4286	0
13240	0
18312	1
2107	0
1987	0
9288	0
14202	0
8915	0
15729	0
11137	0
8347	0
14364	0
11908	0
17989	0
2654	0
18179	1
1245	0
14790	0
7626	0
16060	0
19293	0
19142	0
1686	0
2349	0
885	0
5627	0
18639	1
18758	0
13091	0
16317	0
1480	0
2795	0
6014	0
1864	0
16492	0
15076	0
564	0
3376	0
5445	0
16145	0
17335	0
9826	0
17845	0
16772	0
17741	0
14765	0
4691	1
20316	0
14934	0
3045	0
10146	0
8696	0
10941	0
7148	0
5062	0
5661	0
20195	0
19361	0
3680	0
10214	0
9636	0
9683	0
13915	1
3296	0
2992	0
4618	0
18458	1
5612	0
11017	0
10662	0
13492	0
927	1
14189	0
11030	0
6028	0
6789	1
16865	0
21430	0
20302	0
13488	0
7276	0
2290	0
19306	0
2966	0
19405	0
5152	0
7543	0
15839	0
1404	0
7915	0
10517	0
439	0
20498	0
15656	0
6257	0
2406	0
13740	0
13704	0
15231	0
12347	0
9202	1
18354	0
14245	0
9001	0
6772	0
13310	0
12900	0
749	0
6561	0
14114	1
9996	0
21298	0
22039	0
18709	1
6536	0
12318	1
10716	0
14506	0
20626	0
21418	0
20798	1
11706	0
14692	0
2242	0
18550	1
16593	0
5449	0
3341	0
10304	0
15197	0
11422	0
15346	0
1431	0
6777	0
11263	0
21321	0
15271	0
13123	0
9677	1
1709	1
18017	0
1	0
10307	0
2146	0
6428	0
6679	0
17131	0
8728	0
10633	0
15787	1
15330	0
3212	0
5150	0
16360	0
10122	0
1103	0
1495	0
15949	0
10287	0
14107	0
11376	0
14047	0
8318	0
20524	0
16631	0
13188	0
1968	0
7041	0
2919	0
1539	0
21868	0
127	0
20055	0
13265	0
18077	0
1897	0
12851	0
2877	0
9855	0
20995	0
595	1
7596	1
20492	0
11011	0
12121	0
17294	0
8813	0
12641	0
16934	0
8289	0
13667	0
21158	0
6062	0
7777	1
6543	0
3786	0
9215	0
4971	0
21275	0
18926	0
18103	0
4458	0
20409	0
17139	0
11560	0
4560	0
1651	0
21299	0
7287	0
15688	0
13574	0
13136	0
5723	0
4168	0
14900	0
5194	0
501	0
11130	1
6598	0
10880	0
5278	0
12975	0
2913	1
10566	1
13838	0
19441	0
4626	0
21462	0
61	0
18964	0
1127	0
20292	0
7449	0
3689	0
5704	1
6538	0
16512	0
16405	1
15552	0
13604	1
11926	0
11280	0
18822	0
21810	0
16275	0
3659	0
17524	0
1211	0
5055	0
15132	0
14271	1
12933	0
9406	0
11147	0
4081	0
20824	0
27	0
16426	0
14223	0
19670	0
7312	0
1227	0
2376	0
21211	0
8594	1
10505	0
13899	0
5969	0
1770	0
3393	0
8287	0
14731	0
12850	0
10045	0
7851	0
20398	0
12325	0
4917	0
14439	0
18307	0
3737	0
131	1
7100	0
1852	0
20252	0
8216	0
8166	0
12489	0
9639	0
4199	0
17727	0
19317	0
13645	0
9483	0
10524	0
5463	0
10728	0
20774	0
12568	0
12515	0
18843	0
13131	0
14627	0
5745	0
8932	0
13560	1
5677	0
12100	1
6100	0
19720	0
20131	0
2033	1
8769	0
10598	0
22023	0
18977	0
3301	0
18957	0
17516	0
21731	0
16879	0
12262	0
10872	1
12928	0
1016	0
17031	0
21974	0
7900	1
11708	0
2271	0
12342	0
1706	0
14200	0
13321	0
8567	0
13919	0
17238	0
15460	0
21388	0
21538	0
12012	1
6317	0
18745	0
21724	0
15784	0
11406	0
13118	0
20002	0
8766	1
7968	0
8168	0
19871	0
9139	0
11287	0
13105	1
1640	0
21279	0
10791	0
19580	0
7005	0
11100	0
2178	0
17478	0
17596	0
14804	0
6615	0
4506	0
14490	0
19322	0
7694	1
11253	0
6977	0
9463	0
15393	0
4993	1
19397	0
5996	0
56	0
6054	0
9298	0
17435	0
16612	0
14104	0
10410	0
17641	1
18278	0
1654	1
14226	0
11851	0
17153	0
12388	0
18887	0
7806	0
8604	0
21801	0
4025	0
7834	0
11203	1
3209	0
12573	0
12644	1
16972	0
2934	0
20202	0
11108	0
6781	1
21481	0
12776	0
5455	0
21446	0
5580	0
6542	1
10970	0
19351	0
18441	0
12462	0
5846	0
4661	0
287	0
1540	0
17660	1
9550	0
19473	0
3090	0
6330	0
5645	0
19358	0
12115	0
21741	0
14713	0
5777	0
17447	0
6585	0
1522	0
17463	0
8720	1
6046	0
8988	0
18162	0
10854	0
1040	0
13291	0
18589	0
3534	0
459	0
20344	0
1536	0
1776	0
21156	0
21325	0
9706	0
16754	0
13736	0
2574	0
15206	0
9354	0
17648	0
670	0
19648	1
5949	0
6103	0
15187	1
18695	0
10911	1
19754	0
2227	0
11827	0
5509	0
1817	0
6203	0
9621	0
17737	0
13243	0
6948	0
6133	0
9335	0
8854	0
13147	0
14342	0
5581	0
6145	0
16961	0
10069	0
3752	0
20401	0
7658	0
16480	0
15360	0
19679	0
20304	0
4760	0
3313	0
20390	0
6956	0
12373	0
18996	0
3107	0
438	0
11387	0
2009	0
1585	0
8518	0
6368	0
2039	1
12125	0
5576	1
17311	0
2080	0
11016	0
13644	1
13635	0
15608	0
18395	0
9598	0
3051	0
21015	0
5692	1
900	0
6743	0
14162	0
14645	0
6919	0
14105	0
18285	0
20739	0
5091	0
15278	0
1656	0
15004	0
7689	0
18554	1
1524	0
3568	0
14882	0
17108	0
4588	0
19935	0
16321	0
19149	0
3257	0
7954	0
19844	0
8621	0
8157	0
5943	0
3079	0
16131	1
3463	0
19559	0
21155	0
7608	0
13094	0
2776	0
7202	0
14102	0
2892	0
4400	0
12893	0
5570	0
5158	1
21162	0
1596	0
4198	0
11102	0
15693	0
18972	0
21876	0
19434	0
5888	0
6453	0
14568	0
9459	0
15628	0
3408	0
11135	0
9324	0
18267	0
12958	0
18166	0
5719	0
10519	1
4572	0
6850	0
10227	0
11094	0
9799	0
10128	0
9490	0
4564	0
4067	0
485	0
4251	0
12028	0
6449	0
3985	0
4852	0
9282	0
10621	1
390	0
18736	0
13024	0
7744	1
7630	0
14723	0
3770	0
16634	0
756	0
21343	0
16351	0
12071	0
11267	0
3511	0
962	0
7647	0
10448	0
20014	0
4569	0
13659	0
1995	0
9591	0
10533	0
14590	0
227	0
13011	0
2018	0
16184	0
21970	0
5566	0
1620	0
12520	0
4465	0
7112	1
2259	0
2198	0
16604	0
11891	0
5697	0
4487	0
4499	0
14558	0
12617	0
19789	1
20439	0
685	0
2846	0
4413	1
5169	0
16078	0
18506	0
9193	0
957	1
5133	0
8569	0
5921	0
14436	0
9395	0
13893	0
12408	0
12965	0
21473	0
19965	0
11014	0
16540	0
10968	0
7341	0
10750	0
14061	0
2481	0
1982	0
7358	0
12260	0
15373	0
13845	0
14612	0
17406	0
17742	0
14220	0
13948	0
16220	0
2248	0
16435	0
19318	0
10656	0
13485	0
921	0
5827	0
1177	0
2484	0
14554	0
19121	0
7981	0
88	0
19127	0
14520	0
13949	0
16791	0
5061	0
21410	0
1038	0
13898	1
11642	0
1763	0
14557	0
7940	0
19081	0
4573	0
8840	0
17776	0
18933	0
3288	0
12265	0
618	0
16887	0
12313	0
9766	0
7119	1
2993	0
10496	0
6998	0
17701	0
20318	0
959	0
20642	0
18483	0
19898	0
12450	0
19775	0
9970	0
4433	0
7766	0
16924	0
2502	0
17939	0
2632	0
852	0
10095	0
1386	0
1441	0
8423	0
5419	0
8839	0
15074	0
17	0
3900	1
16030	0
11951	0
3810	0
868	0
18713	0
19614	0
13175	0
6348	0
16906	0
7500	0
661	0
4182	0
2619	0
12821	1
5804	0
9691	0
15503	0
7039	0
11037	0
9385	0
18215	0
10531	0
4451	0
859	0
15322	0
11799	0
20018	0
4398	0
13779	0
4838	0
9830	1
14255	0
13187	0
13021	0
12664	0
15973	0
18993	0
10015	0
4920	0
14027	0
14071	0
14855	1
13063	0
17079	0
14081	0
13515	0
12364	0
11235	0
15163	0
16530	0
2546	0
11553	0
6985	0
15812	0
11513	0
4196	0
18206	0
204	0
10455	0
7734	0
17906	0
16323	0
4068	0
9906	0
7408	0
16197	0
4275	0
6173	0
3495	1
12738	0
21667	0
10720	0
17172	0
18790	0
13467	0
18992	0
8408	0
13412	0
5201	0
1630	0
20156	0
16617	0
11548	1
12614	0
2251	0
6193	0
7854	0
18976	0
3871	0
5541	0
20882	0
21424	0
12585	0
15967	0
16836	0
16990	1
13839	1
3674	0
8111	0
34	0
21436	0
14302	0
11955	0
7786	0
11345	0
19107	0
13661	1
15025	0
7706	1
21131	0
4388	0
20387	0
2071	0
7843	0
4374	0
20183	0
10572	0
13735	0
16925	1
1564	0
9399	0
4621	0
5427	0
3237	0
11155	0
6607	0
19863	0
11202	0
12679	0
9573	0
8214	0
11969	0
5043	0
7145	0
9436	0
10487	0
17570	0
18003	0
10413	0
19595	0
9163	0
17231	0
6272	0
19176	0
11261	0
18153	0
5738	0
17327	0
964	0
6076	1
10328	0
15643	0
3708	0
5204	0
11914	0
6526	0
12547	0
11434	0
7045	0
11727	0
18541	0
1207	0
4561	0
4813	0
21862	0
1412	0
3857	0
5983	0
21068	0
14646	1
13289	0
17526	0
21258	0
21170	0
14737	0
18821	0
20296	1
21260	0
12929	0
13226	0
1675	0
3197	0
6118	0
6492	0
19532	0
16505	0
12715	0
13078	1
9992	0
9605	0
12008	0
9451	0
829	0
10655	0
14721	0
4144	0
4957	0
19905	0
14015	0
435	0
1036	0
16050	0
1182	0
18194	0
7709	0
12723	0
1766	0
2861	0
18021	0
807	0
9185	0
9166	0
5323	0
13968	1
1751	0
7173	0
6630	1
12988	1
20781	0
4246	0
17149	0
20331	0
12426	0
7439	0
12226	0
16379	0
8888	0
21734	1
21562	0
7746	1
4540	0
21603	0
11110	0
13733	0
13095	1
3149	0
7701	0
10954	0
15563	0
8186	0
1106	0
17426	0
11897	0
20310	0
22052	0
3524	0
3413	0
1084	0
8788	0
10041	0
13043	0
914	0
11648	0
20504	0
3946	0
9479	0
6779	0
13669	0
13342	0
15169	0
7014	0
18627	0
10620	0
17775	0
12058	0
11477	0
19290	0
19673	0
3891	0
14618	0
21510	0
10383	0
16642	0
18157	0
17342	0
6132	0
15420	0
18124	0
14242	0
18948	0
21709	1
20327	0
2289	0
18294	0
18198	0
16790	0
727	0
17594	0
414	0
445	0
10058	0
471	0
1295	0
10871	0
8661	0
1489	0
20683	0
14227	0
17384	0
20554	0
13234	0
11704	0
9486	0
18363	0
15502	0
12321	0
1196	0
4387	0
18658	0
5534	1
18592	0
11059	0
400	0
19558	0
1024	0
4184	0
18481	1
17637	0
1348	0
18319	1
11379	0
3572	0
12855	0
15221	0
15601	0
14874	0
13311	0
17180	0
2678	0
1037	0
21171	0
6280	0
6043	0
694	0
19034	0
814	0
19202	0
6976	0
7587	0
14412	0
10610	0
20871	0
10974	0
15179	0
15272	0
7134	0
10179	1
14868	0
6519	0
19311	0
4772	0
6217	0
9289	0
9040	0
17166	0
18089	0
10532	1
13348	0
21152	0
14623	0
20276	0
14421	0
5585	0
1617	0
10546	1
9510	0
10874	0
10615	0
9698	0
12712	0
15230	0
3862	0
1349	0
13714	0
1859	0
2499	0
20243	0
16929	0
21737	0
16706	0
11382	0
17375	0
12198	1
7577	0
10545	1
16373	0
8267	0
12259	0
7431	0
20950	0
1792	1
1563	0
16897	0
12512	0
9123	0
11598	0
3952	0
16334	0
14253	0
11541	0
1307	0
11585	0
20478	0
21439	1
8526	0
13795	0
4468	0
21873	0
2497	1
5065	0
11288	0
7725	0
3754	0
1140	0
18093	0
21181	0
9772	0
7830	1
5916	0
2234	0
3656	0
18345	0
554	0
12971	0
12119	0
16846	0
8804	0
5265	0
17846	0
8335	0
17276	0
16240	1
10540	0
19807	0
20278	0
13425	0
2469	1
7790	0
1214	1
6540	1
2567	0
20277	0
9551	0
14985	0
10407	0
3923	0
11133	1
6966	0
21887	0
6378	0
11125	0
17405	0
664	0
12734	0
6200	0
10292	0
17734	0
1912	0
4072	0
10892	1
17328	0
3854	0
4437	0
346	0
3432	0
4297	0
5296	0
5818	0
16782	0
21051	0
1621	1
17146	0
18779	0
18400	0
4405	0
19622	0
14059	0
17873	0
13107	0
15130	0
181	0
3268	0
17298	0
9679	0
21863	1
10471	0
17954	0
5418	0
7652	0
19636	0
11244	0
19308	0
11864	0
2201	0
2705	0
4717	0
10403	0
19219	1
16728	0
12057	1
10252	0
11728	0
1065	0
5811	0
15409	0
17798	0
8265	0
5658	0
21116	0
5499	0
5972	0
4909	0
8679	0
14467	0
12230	0
19787	0
11705	0
15697	0
4783	0
9404	1
1429	0
16708	0
10915	0
5125	0
9126	0
3245	0
15649	0
16788	1
14314	0
10886	0
21329	0
21272	0
9869	0
16244	0
20274	0
11572	0
8128	1
20937	0
8361	0
8437	0
9237	0
20942	0
9972	0
12043	0
18502	0
8253	0
21765	0
14482	0
97	1
9708	0
13282	0
15611	0
17105	0
790	0
11582	0
13712	0
6752	1
6549	1
10445	0
13370	0
18512	0
711	0
21606	0
18874	0
10858	0
11347	0
11798	0
4658	0
14549	0
8737	0
12648	0
9594	0
21721	0
16233	0
20003	0
19810	0
21241	0
5993	0
257	0
20762	0
19592	0
12487	0
5102	0
21720	0
19488	0
20377	0
13294	0
14846	0
13375	0
16484	0
251	0
14325	0
16175	0
21357	0
5128	0
13381	0
19736	0
20943	0
17963	0
3684	0
4654	0
10421	0
21663	0
747	0
5515	0
6958	0
19427	0
8944	0
2590	1
16955	0
21926	0
5622	0
12354	0
17690	0
17896	0
15571	0
19793	0
17903	0
13957	0
17932	0
11754	0
16345	0
3498	0
9547	0
9721	1
21763	0
5344	0
5444	0
15480	0
16048	0
14515	0
21953	0
19070	0
6430	0
850	0
11341	0
4756	0
3349	0
14288	0
20810	0
15182	0
19838	0
9382	0
20725	0
9280	0
12280	0
13790	0
9881	1
1244	0
17812	0
6828	0
12805	0
4152	0
1880	0
170	1
18205	0
7941	0
17929	0
2195	0
7377	0
8454	0
8646	0
7719	1
14009	0
12887	0
7993	0
8939	0
14110	0
511	0
2422	0
2482	1
14435	0
11024	0
21319	0
3381	0
13181	0
755	0
22010	0
18078	0
10684	0
8994	0
4116	0
3788	0
16093	0
7017	0
14493	0
16164	1
17487	0
2250	0
9452	0
21593	0
3056	0
1684	0
20876	0
1432	1
20917	0
484	0
3894	1
21749	0
6599	0
16971	0
16944	0
13424	0
6478	0
8440	0
8578	0
18310	0
15334	0
12117	0
11828	0
238	0
19687	0
3925	0
8644	0
18666	0
7239	0
14197	0
18916	0
15109	0
14332	0
2451	0
9120	0
10873	0
3175	0
6842	0
6506	0
7261	0
6727	0
18401	0
11997	0
21184	0
9609	0
12905	1
12596	0
16611	0
2638	0
8356	0
6462	0
3141	0
18368	0
21268	0
19274	0
16249	0
4580	0
14188	0
2626	0
4452	0
6081	0
18453	0
12039	0
12827	0
2937	0
13513	0
21385	0
6514	1
3762	0
13569	0
11624	0
14514	0
5182	0
5203	0
7130	0
11994	0
5518	1
15384	0
5779	0
201	0
14328	0
1765	0
16526	0
20188	0
19482	0
5747	0
12603	0
19762	0
2947	0
15053	0
16303	0
16916	0
3941	0
7290	0
10678	0
7662	0
10424	0
16892	0
15442	0
4836	1
12164	0
7411	0
11143	0
5496	0
13225	0
7619	0
16571	0
6247	0
702	0
2047	0
6455	0
18456	0
1193	0
8603	0
14282	0
12335	0
6917	0
13650	0
6853	0
18072	0
14123	1
5630	0
1081	0
20424	0
14085	0
6194	0
3030	0
18909	0
15266	0
8584	0
18690	0
19162	0
5816	0
15234	0
3960	0
16402	0
14465	0
10510	0
13468	0
744	0
17539	0
21048	0
13741	0
16965	0
17720	0
319	0
4932	1
16570	0
9500	0
8313	0
18355	0
4620	0
10350	0
6867	1
7288	0
3103	0
8506	0
21686	0
16267	0
11496	0
4747	0
11486	0
1619	0
5843	0
18678	0
18211	0
847	0
7666	0
15529	0
14122	0
3988	0
11324	0
12582	0
8860	0
10733	0
120	0
15483	0
2421	1
19098	0
3604	0
9476	1
7508	0
4607	0
1422	1
14379	0
21363	0
17891	0
12673	0
11003	0
6314	0
8718	0
14348	0
12019	0
14544	0
14285	0
13517	0
18816	1
12206	0
16585	0
9535	1
11058	0
19216	0
6551	0
4046	1
14959	0
8311	0
16795	0
19572	0
19392	0
10759	0
5342	0
21943	0
14199	0
1777	0
14878	0
18558	0
9231	1
12897	1
15099	1
8964	0
3490	0
8533	0
13882	0
9847	0
4372	0
1337	0
4883	0
5506	0
9963	0
15512	0
11923	0
8871	0
111	0
15919	0
18243	0
6715	0
20842	0
2859	0
16896	0
21785	0
14995	1
14428	0
17407	0
15495	0
14977	0
6908	0
5135	0
2557	0
3787	0
354	0
14553	0
1755	0
7933	0
19419	0
13211	0
21860	1
4447	0
5976	1
9616	0
1984	0
3473	1
10294	1
2695	0
8609	1
16437	0
2170	1
7311	0
17061	0
12624	0
12457	0
11008	0
19933	0
10049	0
8510	0
5402	0
20050	0
5823	0
10481	0
20940	0
16684	0
18146	0
17916	0
9471	0
14187	0
8856	0
3054	0
335	0
8572	0
640	0
16352	0
15296	0
20040	1
9720	0
7953	0
5360	0
13969	0
11034	0
2235	0
15306	0
6994	0
10359	0
7782	0
7821	0
21475	0
13710	0
19339	0
17312	0
1925	0
14373	0
5195	0
21590	1
17653	0
4150	1
15008	0
4923	0
15328	0
13193	1
21027	0
15027	0
19247	0
20495	1
8024	0
21727	0
7678	0
2258	0
20311	0
21088	0
4195	0
5635	0
8059	0
17334	0
20093	0
11782	1
1313	0
18610	0
51	0
15754	0
16779	0
13295	0
18551	0
18528	0
2017	0
6512	0
9729	0
8934	0
13130	0
8256	1
9558	0
2503	0
7927	0
20427	0
6258	0
4599	0
138	0
4646	0
6026	0
11977	0
10193	0
11636	1
7897	0
15305	0
15364	0
3537	0
693	0
11275	0
14279	0
6653	0
1532	0
18637	0
17234	0
9924	0
13924	0
14481	0
17579	0
4695	0
5595	0
18188	0
15888	0
15324	0
15172	0
3457	0
3399	0
4841	0
17320	0
2953	0
4891	0
468	0
19605	0
19026	0
21420	0
4324	0
13606	0
16644	0
13701	0
12449	0
15260	0
12685	1
92	0
8278	0
3653	0
367	0
3018	0
13308	0
2672	0
16677	0
17225	0
17907	0
20471	0
14346	0
18422	0
5748	0
13036	1
11436	0
8659	0
6965	1
11351	0
5290	0
15942	0
13407	0
12016	0
2369	0
17480	0
10926	0
13403	0
3929	0
1010	0
19884	0
1854	0
17377	0
8536	0
15829	0
5461	1
5415	0
16011	0
13192	0
4472	0
13414	0
1769	0
4306	0
19981	0
16949	0
11144	0
17281	0
17419	0
2786	0
19603	0
19426	0
531	0
17154	1
10996	0
3501	0
3515	0
17174	0
121	0
7607	0
2199	0
18527	0
14503	0
9685	0
14257	0
3115	0
17092	0
11654	0
10203	0
16452	0
16125	0
4603	0
16564	0
16736	0
360	0
14984	0
5371	0
11922	0
16155	0
10492	0
5701	0
6264	1
14204	0
21561	1
12903	0
18712	0
20886	0
5310	0
13523	0
10282	0
13143	0
7467	0
10628	0
21716	0
18704	0
821	0
16537	0
8452	0
15899	1
5239	0
18326	0
14366	0
16307	0
17657	0
16022	0
13256	0
21061	0
17940	0
1515	0
18722	0
7987	0
17572	0
718	0
10465	0
18494	0
393	0
8089	0
18144	0
8909	0
3258	0
146	1
12482	0
1722	0
2083	1
13057	0
12249	0
12812	0
20899	0
19450	0
10126	0
8669	0
10007	0
6806	0
20194	0
22009	0
9930	0
7727	0
17037	0
126	0
15487	0
16122	0
14705	0
3962	0
12180	0
10902	0
18444	0
3956	0
7999	0
18548	1
13552	0
11187	0
10627	0
20353	1
16553	0
8894	1
4701	0
2924	0
889	0
19813	0
12833	0
13093	0
20162	0
18599	0
5032	0
4008	0
11116	0
13791	0
7753	0
15102	0
8051	0
5527	0
2022	0
13563	0
9187	0
11935	0
12461	0
11617	0
14782	1
8882	0
14649	0
4339	0
13808	0
7497	0
1155	0
13813	0
6811	0
18083	0
2147	1
21389	0
11589	0
2596	0
10341	0
6872	0
20119	0
4189	0
1772	0
8997	0
11532	0
8055	0
14821	0
13329	0
3980	1
4837	0
10824	0
7412	0
6638	0
17708	0
2011	0
11410	0
4445	0
8891	0
1259	0
11340	0
13942	0
1428	0
15819	0
3227	0
1670	0
18390	0
8343	0
2301	0
5809	0
7113	0
20501	0
5464	0
18432	0
10717	0
19232	0
797	1
17511	0
1112	0
1785	0
5832	0
16900	0
20436	0
13798	0
1149	0
14551	0
20550	0
2361	0
1644	1
10349	0
8046	0
5487	0
187	0
9570	0
2535	0
9091	0
17978	1
18259	0
19708	0
9860	0
10645	0
2908	0
5095	0
20537	0
4960	1
9517	0
955	0
5621	0
19545	0
14184	0
854	0
18873	0
9874	0
16789	0
15974	0
19869	0
5090	0
2098	0
8937	0
10602	0
17412	0
11304	0
9375	0
16978	0
8231	0
15112	0
2751	0
9283	0
16554	0
19864	0
6450	0
9640	0
15281	0
21109	0
19892	0
8354	1
697	0
16424	0
18196	0
21998	0
6163	0
17301	0
4059	1
6766	0
19560	0
16499	0
2171	0
12732	0
20522	0
20909	0
18430	0
21588	0
8338	0
20571	0
7298	0
19190	0
12846	0
7881	0
14780	0
15678	0
2882	0
14688	0
9827	0
6650	0
22003	0
9815	0
7589	0
18915	0
13716	0
16686	0
16439	0
10575	0
4077	0
13675	0
14264	0
16733	0
21948	0
1550	0
20370	0
8307	0
11134	0
12050	0
13239	0
13109	0
2322	0
3214	0
18890	0
11088	0
6288	0
17376	0
12774	0
17462	0
13925	0
8708	0
13602	0
17669	0
20613	0
764	0
18062	0
3790	0
10921	0
4744	0
4148	0
6038	0
1558	0
2831	0
12985	1
20341	0
16204	0
4948	0
14969	0
15417	0
3211	1
12142	0
14556	0
663	0
13619	0
8693	0
11884	0
2832	0
728	0
416	0
19072	1
2085	0
2219	0
12669	0
2161	0
7988	0
12562	0
5535	0
5893	0
5123	0
21804	0
9297	0
18699	0
12077	0
9647	0
5405	0
17173	0
14875	0
2922	0
11832	0
9339	0
18674	0
16193	0
4659	0
8961	0
1342	0
13039	0
2118	0
15385	0
318	0
21035	0
10923	0
1318	0
11152	0
6793	0
21204	0
10153	0
6372	0
18049	0
19931	0
3613	0
4397	0
16820	0
9241	0
6895	0
9536	0
17836	0
13614	0
18280	0
819	0
17410	0
8823	0
855	0
7926	0
16211	0
4563	0
7966	0
18953	0
8852	0
4384	0
726	0
5252	0
3552	0
4007	0
21966	0
14726	0
1557	0
6733	0
7736	0
21838	0
405	0
20997	0
9718	0
1253	0
16325	0
19106	0
6814	0
8398	0
20482	0
9619	0
4220	0
20380	0
17578	0
17884	0
17743	0
13789	0
4163	0
19007	0
19458	1
7867	0
7132	0
6672	0
3882	0
10461	1
6073	0
12456	0
6601	0
20308	0
20566	0
4243	0
2216	0
3234	0
6328	0
12531	0
14950	0
16853	0
5293	0
19207	1
10427	0
11230	0
20054	0
21713	0
13739	0
16859	0
17177	0
15883	0
5966	0
12883	0
20818	0
9396	0
8419	0
8125	0
8878	0
15297	0
20177	0
5057	0
993	0
2889	0
10094	0
13455	0
9253	1
16562	0
1117	0
19336	0
15923	0
12233	0
19292	0
12847	0
13002	0
10124	0
1939	0
17233	0
17833	0
9015	0
17255	0
6678	0
15158	0
12994	0
3494	1
16142	0
12607	0
8933	0
14862	0
21309	0
21746	1
18112	0
15520	0
20094	0
1442	0
20889	0
9603	0
14744	0
157	1
16880	0
17165	0
11488	0
10149	0
10665	0
18273	0
1134	0
10129	0
10636	0
17409	0
21189	0
11386	0
4720	0
17386	0
15795	0
17729	0
21094	0
10408	0
7172	1
10467	0
19310	1
5870	0
1289	0
17861	0
7438	0
17287	0
1450	1
12110	0
14856	0
21381	1
16898	0
17121	0
19949	0
6050	0
6649	0
17500	0
9791	0
2729	1
7206	0
14870	0
18638	0
2416	0
16062	0
17837	0
7681	0
7002	0
4165	1
11772	0
7983	0
19452	0
781	0
14588	0
21599	0
7326	0
18057	1
11947	0
14429	1
20527	0
17820	0
2049	0
18910	0
6184	0
2450	0
8242	0
2458	0
13331	1
6471	0
16218	0
10918	0
10600	0
7848	0
8195	0
4936	0
14978	0
15695	0
14500	0
21288	0
11558	0
3191	0
2281	0
12987	0
4151	0
575	0
12529	0
10218	0
12163	0
20802	0
10254	0
21205	0
10687	0
13152	0
9748	0
13038	0
5877	0
12089	0
11945	0
14507	0
18664	0
17196	0
7514	0
17689	0
7139	0
17548	1
5370	0
15191	0
3647	0
16107	0
1638	0
4524	1
15337	0
12171	0
16314	1
11250	0
3611	0
6802	0
17809	0
11033	0
17552	0
20619	0
11313	0
15995	0
12608	0
21547	1
11447	1
7420	0
10440	0
22037	0
15045	0
5311	0
8681	1
19630	0
12135	0
8887	0
10671	0
17862	0
21609	1
14116	0
19057	0
9116	0
17555	0
19360	0
16985	0
12017	0
105	0
3108	1
6448	0
16236	0
8190	1
17773	0
14266	0
12667	0
615	0
19051	0
2883	0
20289	1
6286	0
4822	0
9548	0
3756	0
19799	0
12984	0
8371	0
18277	0
11390	0
4009	0
5136	0
3948	0
15280	0
9461	0
20096	0
4112	0
2610	0
8146	0
5528	0
21056	0
15828	0
2923	0
3758	0
6265	0
3205	0
19889	0
9743	0
19626	1
9359	0
5912	0
21444	0
6407	0
15638	1
13849	0
18665	0
8545	0
8773	0
4526	0
4169	0
7665	1
6490	0
9388	0
4583	0
21064	0
20567	0
5001	0
21468	0
15767	0
19267	0
21906	0
3720	0
9184	0
16212	0
4605	0
12154	0
14903	0
12788	1
5243	0
17569	0
21700	0
7240	0
3352	0
15408	1
21820	0
2770	1
2925	0
7935	1
17484	0
3116	0
14518	0
3475	0
1919	0
21141	0
6222	1
18833	0
2566	0
21359	0
5	0
7268	1
3295	0
20496	0
18586	0
6654	0
14565	0
16091	0
13284	0
15165	0
19294	1
7923	0
7509	1
18983	0
8272	0
2088	0
11793	0
14096	0
12792	0
6353	0
17587	0
7443	1
19428	0
3114	0
6165	0
17801	0
11269	0
9419	0
6315	0
849	0
19010	0
19401	0
8866	0
12760	0
8073	0
17856	1
1993	0
17162	0
18452	0
15523	0
15727	0
12192	0
9148	0
15731	0
7653	0
16625	0
7250	0
17438	0
9780	0
8352	0
18525	0
16620	0
21827	1
15079	0
21229	0
13620	1
12084	0
18360	0
13630	0
20399	0
9922	1
18025	0
2346	0
7207	0
20715	0
21645	0
19825	0
12441	0
12522	0
19678	0
19024	0
2663	0
828	0
15398	0
11768	0
12565	0
13409	0
8562	0
16265	0
9747	0
202	0
2514	0
14774	0
8459	0
8306	0
11336	0
4298	0
17726	0
6425	0
15391	0
4592	0
10387	1
15459	0
10497	0
13115	0
14946	0
12980	0
20240	1
636	0
6746	0
3373	0
12443	0
13075	1
2174	0
8171	1
2916	0
11430	0
8770	0
13600	0
11547	0
15680	0
9087	0
17784	0
1399	0
10233	0
12298	0
12640	0
316	0
11192	0
19171	0
1726	0
14876	0
12940	0
2800	0
7022	0
15353	0
17674	0
13073	0
737	1
11930	0
1747	0
12059	0
8803	0
16449	0
14931	0
2123	0
2693	0
12136	0
14374	0
608	0
15676	0
8945	0
18246	0
12841	0
14045	0
16876	0
20192	0
20214	0
4301	0
16723	0
8912	0
10228	0
7768	0
4134	1
16912	0
14964	0
7388	0
7381	0
19999	0
5542	0
17316	0
20828	0
16168	0
4140	0
20961	0
935	0
11646	0
11619	0
16289	0
17428	0
14329	0
17279	0
17106	0
14306	0
4170	0
6141	0
21814	0
10138	0
8687	0
175	0
3228	0
7955	0
13493	0
20025	0
19672	0
10416	0
15251	0
7948	1
17746	0
15451	0
5251	0
3117	0
3971	0
4833	0
20069	0
21126	0
12304	0
12391	0
21600	0
9226	1
6660	0
8668	0
20744	0
3269	0
11449	0
18613	0
10494	0
19955	0
12688	0
1385	0
8524	0
19233	0
18720	0
15911	0
1041	0
16824	0
19194	0
8304	1
13910	0
11583	0
16044	0
17077	0
19963	0
13562	0
7191	0
15634	0
12013	0
21654	0
373	0
11346	0
8907	0
21965	0
8096	0
12874	0
3619	0
7759	0
1319	0
15083	0
5117	0
1210	1
13344	0
14994	0
12503	0
10661	0
21411	0
12351	0
18118	0
13014	0
929	0
16261	0
9949	0
956	0
8155	0
59	0
2763	1
10237	0
2294	0
8011	0
3917	0
14762	0
10555	0
380	0
4424	0
7682	0
13840	0
16241	0
20084	0
11162	0
427	0
15642	0
10538	1
5218	0
1278	0
644	0
18431	0
4237	0
21665	0
5789	0
10018	0
19104	0
1034	0
1874	0
9043	1
11489	0
8193	0
8846	0
9076	0
15590	0
17732	0
18902	0
18961	0
19952	0
7450	0
21086	0
13054	0
16135	0
2276	0
14201	1
19254	0
7419	0
11813	0
3650	0
5867	0
14193	0
5381	1
10957	0
7011	0
20416	0
20710	0
18741	0
16730	0
8575	0
4803	0
16511	0
10102	0
19510	0
15411	0
1930	0
10606	0
19243	0
18313	0
11568	0
18074	0
15598	0
8235	0
16488	0
12939	0
7106	0
11525	1
10843	0
899	0
17117	0
9274	1
14662	0
10673	0
16673	0
10265	0
9284	1
10975	0
12353	0
6533	0
10594	0
16288	0
17924	1
6138	0
2185	0
18041	0
8542	0
2347	0
20422	0
6692	0
9084	0
20438	0
19502	0
19381	1
16951	0
7094	0
12717	0
30	0
6482	0
16137	0
2402	0
8162	0
9005	1
13573	0
4164	0
10157	0
17006	0
20076	0
3020	0
1223	0
3610	0
18641	0
21334	0
18619	1
19608	0
20400	0
7384	0
15248	0
36	0
2926	0
17067	1
10098	0
19151	0
12656	0
6371	0
15319	0
15518	0
1373	0
18672	0
3224	0
4956	0
8697	0
1252	0
3242	0
18061	0
12221	0
19085	0
6858	0
9383	0
250	1
10554	0
10571	0
17404	0
20245	0
2679	0
13691	0
6004	0
21914	0
8033	0
14074	0
4470	0
19091	0
19777	0
9842	0
9902	0
13528	0
16777	0
18626	0
1970	0
634	0
14919	0
16987	0
6834	0
7952	0
21780	0
7819	0
20976	1
2730	0
6177	0
2373	0
19990	0
8550	0
2864	0
5493	0
6102	1
11647	0
16646	0
9903	0
11186	0
14685	1
11822	0
12579	0
6340	0
16075	0
848	0
3874	0
18271	0
844	0
20641	0
14912	0
14455	0
12798	0
16842	0
553	0
1287	0
18941	0
16799	0
7193	0
1824	0
21114	0
7976	0
4545	0
7055	0
3146	0
8399	0
8749	0
19147	0
5472	0
10432	1
20337	0
17010	1
984	0
19076	0
10374	1
13280	0
13641	0
8455	0
2492	0
12243	0
6357	0
9146	0
3904	0
9153	0
576	0
4610	0
20664	0
6344	0
14890	0
18299	0
8436	0
17770	0
11178	0
16695	0
21284	0
12334	0
8058	0
8897	0
638	0
4354	0
6967	0
741	0
8778	0
15925	0
2357	0
20193	0
20649	0
783	0
4591	1
5336	0
13420	1
15336	0
13464	0
14669	0
21373	0
5329	0
9920	0
15071	0
4801	0
4026	0
4001	0
13543	0
1528	0
12385	0
16061	0
1546	0
4459	0
9717	0
17598	0
15059	0
8392	0
6955	0
17486	1
21478	0
21688	0
5403	0
11274	0
2906	0
4510	0
8827	1
20168	0
13671	0
8580	1
8984	0
13889	0
11599	0
8719	0
1795	0
4694	0
21167	1
2288	0
18569	0
4063	0
22001	0
1128	0
21689	0
8746	1
14767	0
15962	0
20335	0
14070	0
2782	0
19669	0
4217	0
21264	0
3897	0
1589	0
13581	0
8077	0
17319	0
21959	0
12349	0
14694	1
20330	0
17505	0
4373	0
7789	0
8638	0
16656	0
21483	0
18447	0
556	1
17834	0
1265	0
4938	0
1909	0
4898	0
12282	0
20354	0
14192	0
3166	0
841	0
5992	0
10805	0
16952	0
13584	0
11526	0
5554	0
4296	0
2506	0
2821	0
16348	0
8515	0
8517	0
8035	0
243	0
8373	0
14547	0
2077	1
7675	0
4109	0
12279	0
4454	0
4364	0
21090	0
19692	0
16021	0
9219	0
13290	0
5316	1
696	0
14606	0
16765	1
21079	0
8576	0
9575	0
17068	1
5625	0
8890	0
18814	0
17142	1
17096	0
19571	0
149	0
19077	0
18663	1
19277	0
15316	0
11104	0
4965	0
6106	0
12587	0
18396	1
8616	0
13235	1
13676	0
17088	0
19994	0
4761	0
432	0
234	0
14986	0
7578	0
13238	0
4991	0
4320	0
5020	0
1666	0
4303	0
1048	0
1698	0
8206	1
1185	0
17584	0
15362	0
16640	0
17218	0
8583	0
10971	0
16414	0
4178	0
7414	1
4050	0
20112	0
13018	0
14920	0
14902	0
8220	0
5439	0
2393	0
12629	0
215	0
197	0
11725	1
20246	0
19575	0
15797	0
18967	0
11721	0
12369	0
21176	0
20419	0
813	0
4482	0
3607	0
20727	0
11500	0
5990	0
2585	0
2442	0
17914	0
9668	0
3915	0
12803	0
12655	0
624	0
6301	0
11478	0
14641	0
10831	0
1068	0
21869	0
16120	0
4784	0
5740	0
13504	0
16277	0
16629	1
2126	1
14933	0
6231	0
13758	0
1151	0
14206	0
4425	0
13361	0
4086	1
12046	0
8239	0
11902	0
8400	0
4516	0
10210	0
10093	0
13428	0
11218	0
3421	0
4043	0
15081	0
18753	0
21342	0
10650	0
253	0
7932	0
4731	0
521	0
1411	0
2440	0
8280	0
415	0
14701	0
17886	0
18380	0
10289	0
10818	0
9020	0
16921	0
13717	1
9937	0
14603	0
16834	0
16577	0
5655	0
13386	0
3814	0
10161	0
5411	0
13851	0
14539	0
6479	0
3518	0
1420	0
15711	0
3346	0
19047	0
14644	0
14478	0
15701	1
4236	0
6069	0
20434	0
7765	1
7642	0
673	0
16915	0
994	0
7029	0
12924	0
5066	0
6365	0
11688	0
10489	0
19218	0
9682	0
21766	0
5355	0
16498	0
13079	0
19246	0
5594	0
8259	0
17482	0
18749	0
2334	0
5339	0
5599	1
1506	0
4625	0
17528	0
1360	0
16918	0
14564	0
8560	0
19805	0
8066	0
16960	0
18990	0
7476	0
19138	1
17093	0
15294	0
7698	0
9660	0
14540	0
13336	0
19831	0
6713	0
15648	0
387	0
846	0
2180	0
21322	0
4755	0
4959	0
8282	0
18875	0
14356	0
4393	0
13850	1
18182	0
19122	1
22005	0
18891	0
11563	0
10266	1
11806	0
19652	0
12390	0
13507	0
11397	0
9615	0
17120	0
21882	0
1336	0
14630	0
8484	1
7924	0
18398	0
19816	0
20977	0
17794	0
606	0
15415	0
14441	0
6005	0
7397	0
9380	0
18651	1
14531	0
4133	0
11985	0
13172	0
9918	0
20823	1
17337	0
2673	0
21949	0
6422	0
1444	0
16928	0
17504	0
10587	0
16496	0
3823	0
16429	0
19912	0
8505	0
5930	0
2611	0
5926	0
2141	0
16753	0
11407	0
782	0
20447	0
19288	0
8022	0
11746	0
11633	0
6983	0
4967	0
9810	0
20263	0
18588	0
18248	0
1700	0
10508	0
21053	1
12702	0
13567	0
16500	0
21984	0
20630	0
70	0
12101	0
1234	0
1013	0
6705	1
322	0
3078	0
15101	0
12108	0
11419	0
17042	0
5132	0
14914	0
1926	0
13241	0
10051	0
2634	0
6201	0
5714	0
20728	0
13312	0
8276	0
15637	0
11259	1
17290	0
18685	0
11421	0
320	0
7950	1
19363	0
1355	1
19234	0
14613	0
20450	0
508	0
17876	0
10804	0
17213	0
2987	0
21244	0
433	0
19413	0
1224	0
11597	1
1582	0
14468	0
5731	0
13765	0
17430	0
13586	0
19873	0
8513	0
8418	1
2323	1
20859	0
462	0
5004	0
5364	0
15208	0
18700	0
7364	0
20180	0
4850	0
12769	0
15379	0
1116	0
2904	0
2175	0
191	0
8685	1
11214	0
16991	0
3188	0
1732	0
4829	0
10580	0
13536	0
19629	0
13495	1
15998	0
19463	0
1089	0
14741	0
13379	0
9137	0
13984	0
3284	0
3876	1
8090	0
8093	0
942	0
18585	0
18939	0
21331	0
14458	0
10434	0
15544	0
6969	0
16947	0
4224	0
15790	0
10829	0
2661	0
9229	0
19649	0
15106	0
17050	0
12560	0
1030	0
13828	0
13332	0
6740	1
18451	0
8561	1
19472	1
2589	0
21751	0
21021	0
20696	0
17063	0
9997	0
2698	0
9849	0
4263	0
17201	0
6693	0
4005	0
906	0
3627	0
6415	0
2343	1
3169	0
5206	0
8761	0
6975	0
18766	0
15947	0
21058	0
15184	0
15876	1
17975	0
12113	0
14593	0
11716	0
15966	1
5172	0
3342	0
18846	0
14450	0
17443	1
14642	0
3673	0
5522	0
2057	0
15137	0
11527	0
21054	0
17192	0
10603	0
18660	0
6316	0
18765	1
19281	0
17197	0
8449	0
20902	0
5441	0
2691	0
17044	0
15903	0
8052	0
581	0
16182	0
6107	0
13720	0
2337	0
4630	0
20772	0
21400	0
12112	0
21464	1
9363	0
9425	0
679	0
17819	0
9884	0
15358	0
305	0
2143	0
20121	0
11668	0
15803	0
5851	0
17025	1
6182	0
14766	0
2359	0
12953	1
2308	0
21408	0
3594	0
352	0
16172	0
13471	0
11608	0
17761	0
3437	0
14190	0
8279	0
17361	0
1020	0
13050	0
18662	0
21872	0
21075	0
16076	0
5246	0
16213	0
1951	0
4130	0
9189	0
20668	0
16183	0
20669	0
14456	0
7201	1
18265	0
13559	0
17205	0
18691	0
7844	0
15685	0
2850	0
13120	0
12687	1
20770	0
21761	0
3354	0
21607	1
17881	0
17448	0
5041	0
21711	0
3731	0
18184	0
8451	0
5093	0
627	0
15762	0
10235	0
17626	0
15014	0
11927	1
5799	0
20216	0
18742	0
9774	0
8684	1
16567	0
4318	0
8826	0
10668	0
15117	1
7886	0
395	0
16734	0
20530	0
6901	0
19201	0
9181	0
17348	0
9771	0
8666	0
1936	1
4611	0
3458	0
18082	0
1477	0
4292	0
8095	0
4049	0
5488	0
15985	0
4181	0
9758	0
6389	0
15542	0
18436	0
20743	0
7704	0
20621	0
19915	0
2427	0
9506	0
12065	0
11068	0
16804	1
15064	0
14877	1
9724	0
4602	0
8405	0
9554	0
8626	0
9862	0
20930	0
17805	0
10780	0
3621	0
3979	0
20652	0
6151	0
3743	0
8805	0
1694	0
6361	0
13664	0
374	0
4723	0
15871	0
11895	0
18784	0
9976	0
17464	0
2105	0
5400	0
5059	0
12843	0
8689	0
20817	0
11309	0
18989	0
11859	1
17631	0
19259	0
16124	0
7468	1
761	0
19355	0
3779	0
1479	0
20806	0
9037	0
8814	0
10202	0
10063	0
7458	0
5036	0
9460	0
21910	0
17187	1
2733	0
16054	0
11963	0
13166	1
17275	0
15204	0
11358	0
1883	0
2738	0
3959	0
14424	0
20352	0
5578	0
9401	0
12336	0
8648	0
12188	0
17700	0
16810	0
5309	1
16806	0
12063	0
20872	1
21585	0
5260	0
11277	0
9295	0
1823	0
19690	0
9458	0
607	0
18201	0
15148	0
12518	0
5989	0
5659	0
16722	0
11272	0
7936	0
12829	0
254	0
9211	0
10127	0
2382	0
1365	0
10604	0
151	0
8001	0
14221	0
21203	0
15663	0
7306	0
6780	0
19334	0
281	0
15538	0
974	0
9021	0
8564	0
11391	0
20151	0
7301	0
14667	1
15258	0
3024	0
14097	0
16127	0
19199	0
12047	0
5952	0
13446	1
19	0
16871	0
2056	0
12246	0
10735	1
12176	1
10859	0
1725	0
4669	0
8727	0
19797	0
16930	1
15710	0
13841	0
4162	0
3050	0
5009	1
1927	0
21183	0
9434	0
5138	0
8785	0
4089	1
3275	0
13848	0
9508	0
20147	0
8701	0
7216	0
11142	0
8966	0
16531	1
7069	0
14555	0
6267	0
8331	0
4307	0
2165	0
12030	0
20520	0
20362	0
20990	0
14330	0
8649	0
15935	0
4333	0
4886	0
10509	0
1583	0
8486	0
8714	1
5490	0
14887	0
3229	0
20820	0
21898	0
10943	0
19168	0
21252	1
4939	0
14722	0
1768	1
5333	0
16466	0
17614	0
19460	0
9291	0
13019	0
21350	0
17461	0
1417	1
6456	1
5835	0
3311	0
9967	0
5700	0
6906	0
16841	0
5513	0
2425	0
7200	0
16201	0
4736	0
9243	0
18598	0
17769	0
21485	0
5417	0
2718	0
3812	0
4406	1
12454	0
11122	1
20854	0
5024	1
17085	0
18263	0
17995	0
13770	0
9926	0
11497	0
17118	0
1843	0
9943	0
13730	0
21339	0
5184	0
2328	0
19013	0
3438	0
8704	0
630	0
15723	0
13236	0
18229	0
17058	0
7957	0
7673	0
8493	0
3600	1
15671	0
17944	0
20502	0
13946	0
18492	0
18659	0
21055	0
4851	0
2735	0
9509	0
4051	0
14798	0
21608	1
9285	0
8828	0
10284	0
15801	0
5068	1
17728	0
13374	0
9738	0
13591	0
15945	0
2430	0
11656	0
5617	0
15857	0
3505	0
20397	0
6366	0
12909	0
9761	0
2008	0
11893	0
19126	0
12665	0
12465	1
21049	0
15146	0
14658	0
933	0
16572	0
19227	0
19588	0
773	0
11118	0
20590	0
13297	0
12248	0
13349	0
10285	0
7825	0
660	0
1888	0
879	0
4136	1
11631	0
3466	0
4782	1
19256	0
17714	0
20088	1
8783	0
11062	0
9962	0
19746	0
9132	0
2865	0
7425	0
15848	0
6590	0
18507	0
21944	0
15655	0
292	0
9672	0
5600	0
13445	0
10909	0
712	0
7994	0
11769	0
4754	0
20113	0
13939	0
3654	0
15991	0
740	0
8020	0
12419	0
17568	0
5480	0
12835	0
20557	0
14789	0
8722	0
13218	0
16481	0
1599	0
20771	0
17291	0
16237	0
2867	0
21543	0
6302	0
10104	0
21799	0
8160	1
3587	0
1433	1
13230	0
13726	0
1608	0
20307	1
15976	0
17136	0
5955	1
8812	0
19228	0
1788	0
10767	0
6355	1
20974	1
17283	0
9235	0
21971	0
835	1
18203	0
2774	0
17602	0
2752	0
12366	0
7934	0
9186	0
6510	0
3322	0
15426	0
12386	0
16967	0
5497	0
2363	0
15983	0
7487	0
11079	0
10905	0
19291	0
14135	0
2051	0
2142	0
6775	0
21034	0
17532	0
19943	0
12622	0
8586	0
9644	0
7930	0
3767	0
18714	0
13213	0
17650	0
14546	0
11516	0
3305	0
15665	0
19706	0
18167	0
2792	0
13632	0
13461	0
4570	0
17589	0
13227	1
2955	0
11743	0
3182	0
16083	0
15554	0
18371	0
15376	0
11667	0
17393	0
186	0
11792	0
16648	0
20488	0
13396	0
15950	0
3330	0
12845	0
14786	0
3782	1
7627	0
14228	0
2156	0
2819	0
3896	0
20108	0
2526	0
9059	0
7884	0
20261	0
6039	0
13927	0
5758	0
4288	0
19156	0
17519	0
20653	0
308	0
1330	0
7116	0
16432	0
7574	0
9128	0
19430	0
17322	0
1928	0
18262	0
8041	0
18092	0
5526	0
3456	0
7637	0
816	0
833	0
8209	0
9070	0
15750	0
4385	0
6419	0
21985	0
6394	0
10797	0
8993	0
15153	0
331	0
21762	0
91	0
11138	0
7609	0
4356	0
13683	0
11520	0
6112	0
5802	0
19020	0
2527	0
13847	1
11131	0
834	0
20258	0
21509	0
4887	0
19932	0
13005	0
6092	0
6552	0
11600	0
15599	1
19911	0
21313	0
15640	0
11205	0
3597	1
16866	0
4683	0
17756	1
6520	0
4154	0
1676	0
12413	0
12523	0
13249	0
8291	0
8366	0
2773	0
16974	0
13347	0
5165	0
1243	0
2511	0
14686	0
21098	0
18052	1
16755	0
19814	0
15405	1
13756	0
16202	0
19016	0
410	0
11841	0
5471	0
3892	0
79	0
8205	0
14430	0
5074	0
454	0
1625	0
2318	0
20877	0
361	0
21823	0
12506	0
5807	0
1491	0
15972	0
15679	0
10866	0
13031	0
10529	0
17781	0
14077	0
208	0
1123	0
8923	0
10696	0
9521	0
2268	1
12773	0
12468	0
7066	0
16370	0
456	0
6999	0
11943	0
13905	0
5767	0
15227	0
8497	0
10177	0
21517	0
5693	0
13697	0
1228	0
17707	0
5120	1
15904	0
5834	0
21528	0
13139	0
16815	0
3639	0
3339	0
7034	0
7614	1
11650	0
4132	0
862	0
402	0
9281	0
16982	0
2651	1
20225	0
14625	0
10837	0
9430	0
2035	0
5021	0
6644	0
5053	0
15494	0
12276	0
5728	0
321	0
7478	0
22057	0
16217	0
13749	0
2838	0
704	0
13456	0
18351	0
15776	1
3901	0
119	0
20109	0
6683	0
10839	0
7188	0
16827	0
7591	0
9250	0
19623	0
15031	0
1517	1
17910	0
4986	0
6544	0
11284	1
9806	0
2799	0
8461	0
21163	0
2292	0
2868	0
1107	0
6451	0
12537	0
19139	0
13846	0
20009	0
389	0
14360	0
15447	0
12927	0
11846	0
22004	0
9085	0
7991	1
10763	0
7208	1
15636	0
3671	1
5202	0
12753	0
15162	0
2307	0
10578	0
8114	0
6684	0
11213	0
2398	0
21246	0
18895	0
18864	0
312	1
10502	0
203	0
5531	0
22017	0
323	0
15437	0
2607	0
9140	0
4643	0
17613	0
21166	0
4848	0
18615	0
41	0
11634	0
13124	0
8169	0
15359	0
5780	0
21738	0
7958	0
9041	0
13599	0
7345	0
3907	0
1374	0
19523	0
17904	0
10231	0
10978	0
2315	0
2426	0
21968	0
14459	0
12357	0
5519	0
13920	0
17721	0
18568	0
1610	0
626	0
1067	0
214	1
17577	0
11767	0
12105	0
19574	0
9210	0
195	0
6497	0
16860	0
11451	0
18832	0
18635	0
3332	1
8585	0
7559	0
2121	0
9889	0
11815	0
14269	0
16229	0
1011	0
526	0
14849	0
14480	0
11283	0
4685	0
12890	0
8873	0
1472	0
5295	0
16534	0
10154	0
14164	0
2768	0
19722	0
12319	0
4118	0
11469	0
21768	0
5107	0
15060	0
4123	0
3943	0
4417	0
8378	1
8149	1
8105	0
13215	1
4255	0
17790	0
8286	0
6475	0
11423	0
13207	0
1235	0
20869	0
21669	0
17646	0
19223	0
6690	0
16823	0
15887	0
12207	0
17551	0
19374	0
14234	0
2399	0
7798	0
4512	0
14268	0
3486	0
14941	0
5413	0
3070	0
11388	0
11764	0
12961	1
15237	0
3022	1
1093	0
17078	0
4085	0
8299	0
20592	0
10300	0
1853	1
18583	0
17817	0
20124	0
15301	0
14051	0
9142	0
8675	0
14891	0
3110	0
11714	0
11357	1
8980	0
3178	0
10009	0
7190	0
370	1
10910	0
4350	0
19619	0
17339	0
20083	0
1894	0
14433	0
7579	0
6417	1
803	0
3567	1
1687	0
15677	1
6893	0
1236	0
8799	0
9389	0
21613	0
13153	0
3388	0
19260	0
213	0
6636	1
9061	0
6405	0
184	0
21261	0
13034	1
14826	0
17446	0
1821	0
6111	0
3794	0
14143	0
5294	0
7598	0
7332	0
2828	0
17620	0
21151	0
12808	0
18984	0
7177	0
16287	0
21732	0
2375	0
18224	0
2599	0
21320	0
17087	0
20421	1
9381	0
15065	0
3315	0
15493	0
1988	0
140	0
21760	0
15573	0
18161	0
20648	0
13917	0
12947	1
14689	0
20720	0
11464	0
3598	0
15993	0
20884	0
13832	0
20499	0
1652	0
19902	0
12341	0
4017	0
12649	0
20299	0
10181	0
11043	0
2471	0
619	0
17921	0
21945	0
705	0
20517	0
19019	0
5967	0
11169	0
19579	0
20145	0
21397	0
3134	0
19577	0
15218	0
1591	0
17282	1
20546	0
9736	0
5788	0
3809	0
3863	0
15233	0
5438	0
609	0
2019	0
11373	0
20629	0
22	0
5512	0
3554	0
2501	0
2534	1
10171	0
240	0
18575	0
10453	0
934	0
17920	0
11673	0
12559	0
2041	0
11874	0
7841	0
19585	0
18036	0
20863	1
10412	0
21909	0
12698	0
21498	0
18632	0
14598	0
9134	0
21263	0
2473	0
5946	0
17432	0
21793	0
11371	0
10469	0
366	0
10337	0
8913	0
6824	0
8512	0
9694	0
20189	0
3194	0
10164	1
7905	0
12852	0
2873	0
12053	0
13531	0
966	0
6528	0
5601	0
4722	0
11766	0
6562	0
4281	0
37	0
13631	1
11505	0
16705	0
3625	0
21014	0
20027	0
6213	0
12438	0
8381	0
7918	0
13067	0
19505	0
5500	0
4565	0
3603	0
18888	0
18642	0
7771	0
1986	0
15785	0
11166	0
14684	1
20782	0
16591	0
3318	0
12943	0
3881	1
17639	0
118	0
1032	0
9119	0
1579	0
13793	1
13354	0
14653	0
19015	0
21552	1
5440	0
16773	0
3267	0
11455	0
3092	1
16001	0
112	0
19161	0
2246	1
888	0
6959	0
8132	0
4024	0
3616	0
8998	0
13458	1
4463	0
12516	0
3019	0
13989	0
11855	0
594	0
7074	0
13435	0
6521	0
1212	0
6032	0
10358	0
19425	0
7516	0
14076	0
9292	0
1516	1
12789	0
1547	1
20910	0
20763	0
20049	0
10635	0
17877	0
6083	0
10003	0
21687	0
17132	0
9807	0
11593	0
18914	0
4060	0
12970	0
1300	0
17938	1
6055	0
7747	0
4440	0
9642	0
19329	0
6720	0
14093	0
6913	0
13232	0
17892	0
15961	0
11333	0
2256	0
5803	0
15401	0
17966	0
3039	0
4319	0
16018	0
4265	0
6044	0
9532	0
1445	0
15641	0
21932	0
5386	0
4670	1
15246	1
14913	0
16883	0
17702	0
8522	0
6981	1
15596	0
13941	0
8004	0
11047	0
20509	0
21883	0
14028	0
17565	0
3996	0
3843	0
8221	0
7775	0
20019	1
13369	0
13861	0
17985	0
13191	0
1109	0
5849	0
7351	0
2353	0
5872	0
4655	1
9145	0
16528	0
14391	0
14035	0
14574	0
3629	0
19926	1
3364	0
6294	0
3805	1
17825	0
5105	0
16477	0
11200	0
15527	0
1494	0
11736	0
15859	0
7721	0
14508	0
2662	0
2516	0
20116	1
16179	0
17307	0
14165	0
16485	0
271	0
5048	0
6235	0
9427	0
17001	0
103	0
5656	1
2069	0
6899	0
21825	1
17754	0
20227	0
1878	0
16055	0
10749	0
6728	0
4719	0
1254	0
2724	0
16071	0
20451	0
9974	0
17753	0
20936	0
20317	0
9125	0
13618	0
5641	0
11693	0
5815	0
5219	0
5791	0
15166	1
9017	0
11711	1
3822	0
14372	0
6902	0
21963	0
20312	0
11824	0
190	0
14215	0
15660	0
18413	0
12612	0
1290	0
14966	0
3880	0
998	0
12196	0
16690	0
20825	0
4450	0
20834	0
6116	0
14989	0
17543	0
16566	0
8191	0
19705	0
2670	0
1014	0
2754	1
20357	0
21644	0
12536	0
20430	0
19941	0
19222	0
5559	0
12979	1
1604	0
1633	0
15458	0
15434	0
4578	0
1023	0
6049	0
7117	0
4708	1
9504	0
19089	0
12609	0
2067	0
10297	1
10426	0
6932	0
8468	0
3410	0
7401	0
4124	0
17221	0
13821	0
918	0
19213	0
22038	0
12425	0
19507	1
12412	0
8479	0
18986	0
8955	0
16973	0
6292	0
8316	0
18238	0
19248	0
12287	0
8591	0
14967	0
10895	0
3474	0
20340	0
12768	0
17643	0
838	0
16052	0
11262	0
19487	0
19344	0
19445	0
18136	1
19847	0
13580	0
16134	0
1409	0
19680	1
7569	0
16341	0
1427	0
18325	0
3379	0
16133	0
20968	0
4233	0
6221	0
21694	0
15965	0
528	0
17585	0
1405	0
17003	0
8807	0
18719	0
