38061
38841
8212
415
21826
29733
15833
36037
18521
12793
45966
34332
30940
42734
45673
15077
21193
6139
2027
40092
37813
13169
14207
38971
44465
16587
34415
42735
17300
24304
45125
34478
41774
34761
12732
1057
20395
41514
2982
4140
14355
40190
2057
3675
9489
29603
4808
8682
29487
4652
26411
25345
23499
14953
43029
24812
39514
17268
40340
27653
37052
18031
14009
15536
36557
36120
44310
18999
24324
26780
19132
36394
20271
30494
35164
40640
14280
43181
7300
14956
32299
34649
36856
28591
23216
10122
29134
29567
9973
8446
13216
6421
21748
24940
31003
15701
10721
16299
26365
12616
11519
16133
22999
26123
31743
43528
38413
2089
1283
44132
36742
5446
35715
32852
5387
34387
5479
1284
33644
37853
45568
33162
2313
33789
19611
37476
42053
43488
1606
46025
18135
21579
43976
2277
12576
31831
130
30576
23920
6974
14251
41805
41119
1047
37431
565
45347
41510
15330
19239
43589
7535
37756
3097
38506
41766
27449
44562
6848
39488
43824
12584
20164
4683
39202
21611
1424
17923
18241
32287
5018
1830
41778
3369
21267
22764
27457
45122
18009
30816
20432
5267
42240
31234
41964
621
27627
3666
21543
23123
17967
28248
31070
10307
10364
28865
16083
27211
7958
45803
30399
30725
32204
1201
24425
12765
27683
44157
31319
35585
16227
34545
19683
22775
34028
39388
38501
37736
37410
11192
22885
37067
38116
513
