39988
15231
32473
32474
25748
32478
43409
4670
11502
18780
29710
3
19208
21781
21784
9
21788
8646
32718
25754
32482
32483
11512
5100
11517
5102
46960
29720
43184
21795
32724
25767
43428
11520
19222
32731
22221
32735
22223
32736
11298
22228
4936
47165
47167
47168
47169
25773
36704
11532
11538
29742
19231
47402
19237
15501
15509
4946
4947
1165
47179
26200
43442
26204
5132
5133
46992
47411
29756
29758
1409
22240
22242
8689
1178
47189
26210
15288
32760
15520
32761
15522
32768
15528
9117
1182
15298
43466
19260
19263
29776
32774
9128
1197
36744
26238
8945
8949
5165
5166
29782
47449
32780
32783
22273
43719
11816
4989
19515
8957
8958
22517
5175
22518
5178
29790
1442
1445
47451
19284
32792
43721
15555
33213
22287
5419
43496
19529
26257
8960
22529
5188
12019
19291
47465
15569
33225
11831
9159
11836
26261
19534
47704
19537
36779
15803
22538
103
105
26500
43742
43745
9164
33239
47716
37206
15814
8984
15817
40202
9407
1472
1474
47483
1478
15582
15586
26515
33244
16004
9177
5448
36791
19552
26283
37211
36799
8991
8995
22555
22556
40219
15591
33250
33251
16011
16014
9185
11865
5451
5458
5459
47732
47733
26293
1728
19569
26297
15835
22567
1492
1497
136
1499
138
9191
9196
1732
22571
33509
33275
33276
11886
11888
5473
5475
19581
12073
9442
22587
23005
23008
5717
19820
43792
43794
26554
16043
43797
11891
5482
19590
47760
47763
33520
40253
22599
40255
12088
40257
44220
16052
19837
16059
12326
12328
5499
47774
15871
26805
12096
175
26570
44239
9705
12338
47780
33541
33543
16302
40274
44245
9714
9718
424
15894
26823
16312
40284
23043
26829
5757
26590
16081
44251
19869
44255
44259
22865
12353
12358
30015
432
2211
435
437
2218
33560
26836
9494
23055
9498
5764
5765
16094
16097
44268
22872
33802
12363
40536
30025
446
2227
23061
33579
23069
37540
27032
37546
44278
22884
9741
33814
40544
22889
23304
30032
26850
5784
19895
12385
9755
12386
464
26860
23080
26865
44524
6217
6218
701
27050
27052
33830
12391
9766
30058
471
473
2252
2259
34022
44538
12636
12639
716
40572
23332
30064
30066
2265
37817
34034
12644
6235
6239
2505
38003
16611
33856
16615
16619
490
2273
2275
26890
16384
16385
16389
34045
40826
6243
27084
27086
37599
27088
9791
23352
33865
30081
40597
44562
37835
12661
12665
40835
6253
38023
38024
33870
16634
23362
30092
23366
44809
2299
27333
27335
34064
34066
44579
12676
23605
12678
23377
34304
34074
37859
45002
34078
23614
40855
30343
12688
30349
765
2543
2548
38046
44820
33896
34316
34317
37866
44594
34082
44596
44598
12694
13110
30351
30352
12699
23629
16664
23399
34326
12935
37870
27361
37874
34092
45025
13125
6296
783
38064
16675
16676
27604
27605
44848
12943
30600
30603
2802
38300
16910
45038
40884
13131
13136
23649
30378
13139
792
793
2578
16681
44854
44855
34344
44858
44859
12951
41076
20101
30616
6547
20108
27381
27385
45041
38315
13141
30382
40899
2583
16694
34351
17112
41081
41083
34359
12963
12965
6555
20114
27393
2828
16933
16937
13156
23669
2591
38095
38096
44872
34364
23900
23902
20127
20129
2831
2833
23672
34609
27641
17132
27645
34373
45301
34379
45309
23915
20137
38341
38343
38344
34612
24104
24107
34380
27652
44898
45315
20143
6587
30658
20149
2854
45085
16961
23690
24111
13185
13187
24114
41359
27662
27664
34394
6591
30663
23939
6599
38362
45099
27906
24124
24128
6831
27674
17162
17168
23941
13431
30672
23949
41608
2871
34642
27914
24130
17406
41375
6846
3065
3066
27684
28102
17177
45346
38619
45348
23955
30683
30684
20174
2888
3303
38384
16997
34654
34657
41385
24146
24148
6851
30924
30925
20414
27691
28114
38628
17189
28119
13452
41626
7048
2892
38392
38398
27932
17423
41392
17427
24158
6867
13462
20191
34907
27941
24162
45603
45607
6870
13700
30942
3096
38642
23982
23983
13471
41640
7062
24405
34918
7068
35102
6880
30955
7305
23990
38659
24410
31140
34692
17452
27967
24183
27968
35114
30961
6899
20458
20459
38662
45390
45392
45393
28158
41662
31155
41668
7085
17462
38906
45635
35126
30970
35128
13731
28163
17702
24431
34945
31164
3361
20709
38911
17472
38913
38914
17477
28409
20471
30984
31403
20476
39102
28177
39105
31178
42108
10201
27996
28412
28418
41925
41927
31418
28186
41690
24452
24455
41697
31186
3385
10219
38938
41933
13765
20494
3621
3626
28197
28198
28199
24461
17735
31194
20733
10221
10222
10226
45674
28434
13773
31434
13779
7363
45910
17746
45915
24478
35408
7605
35171
28445
13780
35178
13781
41952
24712
31444
14203
7375
14209
3643
17752
42149
10246
38960
45695
35184
35187
31451
24724
7385
3652
39154
24495
35423
42157
38973
28464
35199
41971
46128
39161
35433
35434
28707
42163
45948
42166
31701
31703
10265
7635
53
3904
28474
41981
46139
24749
42405
18202
45959
31712
7645
7649
21208
68
46142
46145
39418
41991
24750
31480
24754
14245
31488
14247
42419
39180
4102
39187
42182
42184
31720
7651
31724
10286
21217
76
3925
28495
46152
24760
31494
14256
31497
42425
42429
3695
10527
39192
3699
39198
45971
35463
42191
28739
80
3937
35700
24777
42437
7901
10532
7906
4125
45983
35471
28746
28749
7678
31749
93
3941
35713
24786
25202
42448
18245
46413
35489
46419
14511
3951
46181
24794
24796
25211
42453
35727
35729
42457
10553
35498
46429
7690
14522
31763
21251
8116
25222
25225
25229
7935
4153
28775
46433
39708
31770
21267
21269
39477
18501
42470
25230
42473
35746
42477
10575
21505
46441
39715
18276
39719
14541
21270
14545
31786
10814
3984
4402
4409
18511
35757
10580
7955
21515
28791
28792
29210
29211
29213
46454
32214
3992
39498
35767
35768
10591
7961
7964
39731
39737
18299
14560
14562
42733
4424
4427
18530
35771
7970
21531
11023
39744
29235
25508
10841
4436
46711
46712
7982
39751
15000
42756
42757
32246
8176
10851
8177
15007
4446
36210
46726
25288
14820
39761
29253
29259
8181
32254
15015
8188
10866
4455
4457
18567
29262
32261
8191
18807
4462
14848
11063
4705
29279
25547
42788
15037
10884
10889
11306
29514
46755
29517
14853
21581
14857
32512
32513
11077
4714
39796
42794
15041
42798
25558
11311
11312
21827
36252
18599
46767
36255
36258
11081
14869
22013
22019
4723
4725
25561
32297
11323
46771
29532
36261
36263
25804
8463
25807
25809
32537
11099
32539
4735
18841
25573
43231
43233
8701
21847
46787
25810
14888
32544
8474
15309
4740
18853
15071
43244
21857
8717
11349
14891
36288
32550
8483
8484
32559
15319
4755
25599
1210
36295
29568
47226
25830
8491
8493
4761
8733
32804
8735
32808
1221
47230
29576
19064
25841
25843
25844
32572
15333
18886
18889
19304
43273
43274
11370
32810
21884
8741
8742
11375
22302
22303
22304
22305
29582
29584
47240
1237
47244
29589
1239
47246
47247
11619
5209
29820
19311
43280
43287
19319
11384
32827
32829
22319
33014
33019
19320
11393
32836
25873
25874
36804
43532
22092
43533
15366
33022
15367
36808
22097
11633
5223
19333
19339
15606
15371
43540
25886
29852
29853
19343
37002
22343
47282
47288
25895
33046
5247
47529
32861
8794
40010
22355
47295
47297
15390
15393
26322
36838
43569
11664
5251
29871
1523
47537
47538
15632
22366
22367
40023
43808
1298
26331
36845
26333
19606
26339
22604
5264
37033
15641
43812
32885
15646
40030
43819
9236
5502
5508
43582
43585
19617
44001
43588
26348
11680
22614
11688
22618
29892
19382
15657
11922
11926
26351
33080
33082
44014
33089
44019
1551
19390
1556
37050
37051
43831
43833
9250
26363
44023
26369
44029
22634
37068
15671
33330
26604
5533
11949
1801
36880
19642
36884
26372
1807
19648
37304
37305
44039
22644
22648
12135
47580
1574
1575
37071
37076
9270
40071
26616
9275
9276
5547
5549
37310
44044
15922
9510
12143
22657
1582
220
26621
43865
16114
11963
19665
37320
44055
15930
44057
22663
22664
12153
232
1596
2012
16121
16125
5568
19675
37332
37334
22671
15944
40333
12165
9535
5803
246
19914
44304
11982
16139
5573
12405
1841
9545
33617
33618
23106
33619
12179
5812
5817
5819
43891
43892
22921
12414
6004
1857
22693
22694
12182
40354
23115
2042
5828
19930
19937
33395
22934
12425
6018
502
1866
509
44095
26900
33631
9561
33632
12193
33635
12198
40367
9569
2050
26677
44333
16168
44337
12438
9808
1870
1878
26915
9576
5846
16171
16172
37616
27104
12442
40615
12448
6038
522
2302
528
15995
9582
16419
297
299
2079
26691
44356
27117
27119
6043
1896
2312
1899
37396
26930
26933
16425
16191
44360
33902
33903
40633
40638
540
2327
33670
33672
33674
23163
27135
22980
27138
22983
40640
12474
9843
6060
30136
2335
2336
2337
26955
16446
12710
6302
5889
6308
22992
40651
33927
6073
30144
40659
6078
2340
2349
26962
23181
23184
34116
12723
800
807
37666
33933
23423
6081
37904
34127
34128
40900
40907
37671
817
37673
9878
30167
30168
588
2366
2369
26983
44642
16478
27406
27408
40913
37684
27175
33951
40680
38109
23447
2372
26995
16484
44653
44656
34144
12757
12759
30415
30418
2613
2619
27187
30180
16725
16727
33968
41113
34155
40930
40937
2629
27199
16736
41127
2392
27433
27435
34166
34167
12775
12779
30434
6369
44911
33988
34404
6601
6603
27441
37954
45103
27449
2645
38142
38145
33990
44922
37965
27457
45119
13215
23728
23490
41150
44938
6622
6625
27461
45120
45121
34197
34199
30461
23735
30465
30469
882
2667
16774
34430
27704
27706
30700
30706
6636
2902
45139
13235
13237
41409
897
38178
41170
16788
17202
44958
17205
41174
30718
38411
37997
40991
40999
41417
3102
3106
38185
3109
34455
34457
27492
30493
41423
13259
3112
27732
44974
17221
27738
30733
6664
20226
38431
38439
13263
34704
3122
6908
3126
17232
17236
34479
30743
20239
2941
2945
45175
23780
13270
41440
23785
24200
23788
24203
24209
3135
27750
45413
44999
30750
6684
30755
13518
38452
38454
45188
34721
41451
24214
34729
34491
17259
13521
7110
30768
7115
38462
45197
13293
34739
6936
3152
3154
27779
17268
30771
41700
2971
7128
2979
38474
17500
24232
24237
6942
20500
20502
20507
27784
17271
45440
45442
45444
38718
28206
41710
7131
31204
3405
3407
17514
24242
24245
34758
20510
20511
3171
20516
3173
10004
17281
27797
45454
27799
28218
41721
41723
31211
13559
41728
20289
31219
2993
2994
17529
24259
3182
10013
6968
3188
17296
17299
41730
31227
7158
3420
3425
17535
45708
6972
13803
13807
28239
13574
24502
7166
3432
3435
34786
17546
17547
35205
24279
13810
7400
10032
10035
28244
45487
41750
24517
31246
7177
17554
24283
17559
24289
7414
7417
45497
45499
41762
7182
17560
35222
7423
7424
17806
14023
7197
14028
20806
3467
17573
17574
35235
28507
35236
20574
3702
38785
39201
24543
17816
42204
14039
3474
3475
17586
18002
17589
45758
18005
28518
13852
10071
31512
7442
31513
20588
38790
38794
41790
39218
41791
31280
41793
24557
42213
42219
10310
20825
20826
20828
45762
35255
18018
13865
7451
20598
7457
7459
28296
14058
3490
20836
10324
28531
18027
35269
7460
39237
17845
17848
24576
35503
35505
14067
42237
42239
7701
10338
35271
13882
14071
25002
25004
35517
25008
20857
10346
45792
18042
28556
46213
35287
3756
39253
24591
24594
42254
35528
20863
28567
7493
31566
14328
21058
39264
14090
14095
25022
10361
20874
7731
31802
31805
7735
7737
28573
46233
39505
42502
21064
21066
14339
21067
10600
3775
10609
39276
17880
20883
10371
10378
28582
18071
39514
24854
21073
24858
42513
32001
3782
4204
4209
17893
25040
31820
25049
10383
39524
28599
29013
29017
31590
31591
14352
42523
14356
21084
31598
14358
21086
21087
28831
31832
21322
10398
7768
29021
18095
46268
21091
14368
32023
21097
32029
28843
28844
35573
35576
18336
46506
25069
31843
21332
31848
14370
24885
25303
32032
35818
42548
4230
4232
4234
46510
46511
28856
35585
18348
25078
31854
7787
7789
21347
21348
8207
39552
39557
46285
46287
32046
10657
28863
46522
28867
18356
36012
46525
36014
8210
21359
8215
42566
14399
42567
10662
10663
46534
36021
25094
21363
42806
42807
42808
10908
29068
35847
42578
42579
21600
39813
28886
39817
31882
8239
10917
39583
18617
11101
21618
46553
36041
46557
36048
21382
14656
31898
42826
32314
8244
4514
35869
42598
10694
21626
29324
46566
14663
14667
14668
42837
46801
18637
46807
21633
11121
14906
4291
42842
14677
8262
4531
4533
4538
35880
18641
43032
36305
14917
39853
39854
29347
47007
32342
42857
8276
8277
32349
36310
36313
18658
25389
43048
21651
14928
8519
46592
36080
36081
46596
29355
36083
1006
36085
42860
42861
25626
15115
32357
4558
18661
25392
46833
43050
25397
43053
36327
14933
21668
47024
36098
8295
25639
4567
46846
43063
36339
14946
4801
39880
4807
1028
47034
32372
42888
25649
10981
32378
10982
10986
46851
36342
29615
43072
14951
21681
14959
21687
21688
32618
11179
4812
4818
47040
47047
25651
32382
25656
42898
25658
25659
32387
10992
21925
4585
11415
36350
36353
29629
36359
43088
11184
8553
11186
32629
29390
4826
18933
25661
15153
15158
43328
21939
43091
43093
14970
11193
32637
8568
47060
47064
1058
25673
36603
15165
43334
21942
11431
8802
5023
11439
19130
29644
46888
32645
1060
1067
1068
18950
36613
26101
15174
36615
43343
26108
11440
11442
11445
5031
8816
8817
29652
46893
47310
36385
47312
29658
36389
25920
15412
25927
9003
22149
4859
18961
47089
15189
21967
29666
19159
25931
8591
1081
29904
26127
32903
8833
32906
1324
29677
1329
25943
25945
32674
4870
11701
11702
29915
43372
19407
8842
22400
21986
22401
5061
11479
5064
1332
25954
43610
43611
32687
9031
32689
33105
22179
33108
4884
4885
4886
18990
18993
26140
21990
19419
21992
8852
8857
32929
5074
1344
47354
19187
22180
15453
43621
22183
9043
5316
29930
36669
43398
8863
8864
32936
5082
1350
1353
19192
19193
19197
47365
15462
43631
43632
43634
5321
11737
5323
5327
36673
47604
47605
26169
22430
32945
5090
15470
36910
25987
36915
15477
9061
26174
47618
37109
22444
32957
40100
22448
22449
9307
9308
1370
47380
25990
36921
9075
9078
5347
1381
1383
47397
15494
9080
9084
26427
43668
26429
1622
1623
47630
1626
1629
47639
32971
22462
43908
9326
1399
19702
19703
22704
11777
5362
19475
47645
37136
9331
33402
40131
15749
40139
33172
26447
44103
11782
44107
5374
5377
12209
1648
29999
37141
33410
33412
33413
33419
5612
19726
26454
19727
26455
11794
19490
47669
43931
43934
22495
33424
40153
9358
36971
26462
19738
36979
19739
301
1668
47678
43944
33433
36983
26471
1909
44130
40401
12234
22749
9605
9608
40409
1672
310
47682
318
37179
43951
40170
40171
40173
5642
26482
37410
36999
44147
40414
12249
323
37185
43960
15796
16216
16217
33458
37425
37426
12256
9626
1691
33463
40192
5660
5669
1933
19773
37435
44163
44165
37439
22771
9634
12266
12269
5902
5908
33472
16232
26746
33474
33478
1946
44174
22780
12271
33713
9644
352
2130
354
26752
43999
16247
5683
12515
1953
1957
37450
37452
37454
22794
40455
12288
5922
364
16255
16257
33498
44428
12522
5697
604
44191
44193
33736
40464
40469
5937
2153
2154
2158
37708
9909
1974
612
37471
1979
9671
9674
40474
23235
386
2168
26780
37710
26783
16271
37712
26787
27209
30202
30206
620
1984
1986
33751
40484
40485
23246
5951
394
5959
2177
16282
27213
6140
40724
30211
30219
2411
635
2412
37497
9691
9697
16527
40498
40499
37733
27223
12566
9935
30225
6155
30226
643
2425
2428
23268
12800
2192
2193
2196
40741
651
658
659
44712
16546
44719
34207
12818
6404
6409
44482
27245
27246
6171
13009
2442
2448
44722
23282
23288
34218
12825
12828
5999
37763
27250
44492
27253
37767
27254
37768
27257
40760
9962
13019
2450
34220
34221
34222
23297
6422
6427
911
37770
918
37774
27264
37778
27268
40773
44746
44749
30502
30508
925
927
27279
40787
13036
694
2475
44752
44756
17003
12857
40795
41210
41219
44760
27523
17014
20010
20012
30525
30290
16836
13053
30297
2497
27534
44778
12875
30535
951
952
38231
41233
44780
34275
13300
23813
23814
12889
20033
30546
2744
968
16850
34510
23583
41241
6710
27553
17041
44795
34288
23825
16863
34529
27566
34294
27569
6490
6492
6493
23838
13328
13329
2760
985
987
13091
24027
41269
6736
27576
17065
17066
45236
17069
30570
13334
20063
30577
20069
995
996
2774
2777
38275
41271
17307
41279
24039
30814
20308
27583
38514
45242
45244
38519
20072
41513
20075
20076
2780
2781
31009
3207
16892
34551
34553
16898
17316
24047
20311
20316
17082
27595
45254
45255
23863
13352
41522
20086
2797
3213
38298
24058
20321
20322
20323
20327
38534
17098
41532
31021
17339
45508
30840
30842
30844
13604
6776
30847
13608
20336
38543
45275
45276
28037
23886
41544
41545
3237
24070
34588
17348
35003
35004
6788
7202
45281
38559
34825
31045
41558
34591
34592
45521
45528
6791
13629
7214
38563
24320
34835
13399
24094
27879
45534
41800
30878
7223
28062
34844
41575
17609
20601
17372
27889
35033
28306
45549
13643
31302
7233
41818
41819
3503
39005
31070
42001
24348
31076
42006
20613
10109
38821
35049
30897
31311
13657
41826
13658
31313
20387
3512
39010
3519
39017
24352
17625
24357
31087
42017
10114
45561
38834
17397
35053
20390
35059
13663
20392
13666
20395
31325
7256
28092
39025
34872
17638
31096
31097
13901
42026
13902
3291
20636
3295
10125
10127
45573
35061
38847
28336
13675
24371
34888
35303
7508
38850
45584
28344
41852
46009
24616
31346
24380
17654
45823
17656
24389
13926
7510
38862
35081
13691
13692
46017
46019
24622
31352
41868
3558
45835
42052
42053
7523
20669
35095
46026
24632
17906
7291
31365
20909
39069
35331
42060
45845
42068
42069
3805
38884
39303
28378
46034
46036
31371
3570
3571
20914
3574
39077
39079
28616
35347
42076
13953
13954
20683
21100
7546
3810
3815
38896
3818
38898
17925
14142
14148
20922
10418
4002
4007
28621
45866
18117
10184
20699
46056
17935
14158
39090
39098
45870
42090
35363
28637
13971
18129
10191
13976
31633
21121
21122
10195
31638
39335
46069
14160
17946
35602
35603
17949
35605
14165
35606
10434
4025
4026
45885
18135
18138
31641
31642
7573
31649
14409
35611
24686
35614
14175
25104
25105
14179
4037
46310
18142
35388
13992
24920
14411
31653
24926
14414
31655
8000
3851
39351
46086
42351
35624
42357
7827
4045
18151
28668
18157
18159
14423
8015
3864
3868
46090
39366
46095
46096
17971
17976
14193
28907
28909
31900
20977
4056
28670
28673
18164
24942
24944
21164
24949
10701
10703
39371
28911
17985
28913
18403
35645
42374
21400
7843
28680
29100
31680
21170
14447
21176
42619
3884
39384
4306
28921
18411
25142
42384
20995
21411
21414
31927
18181
46351
29112
46353
28698
28699
24968
21185
21186
31699
32114
32116
32119
4318
39397
18422
18425
7861
7862
4083
18192
46363
18196
24972
42630
24978
8050
42635
35908
21199
35670
35671
35673
14702
24987
42644
25174
36102
18447
36103
36107
31955
8306
29145
24991
24996
32141
24999
42655
14487
25416
32148
10751
10757
4341
35693
25182
28969
46625
18457
18459
21454
8311
14728
8317
46399
42660
14493
25423
25426
39903
18463
36123
18469
42906
42909
39672
29166
35941
32160
35947
35949
8094
42679
25439
32167
21700
28985
36130
46645
39919
46647
29407
42910
36139
31984
21474
4604
39685
29173
39688
35952
18713
10783
21712
10786
10788
11205
29412
28999
18487
39928
46656
21480
14756
31999
21489
32418
42691
35969
32189
10792
39934
39937
36153
42930
42937
4622
29197
18732
25465
43120
35979
18739
11224
46671
36166
14779
42948
4632
4637
25470
25471
25473
43131
29440
39955
32443
15203
18752
18759
46929
36417
11242
21756
11245
11246
21759
1100
36181
29459
36187
14791
14792
25721
42963
8385
32457
18764
25494
18767
43150
25496
46936
25497
36427
21760
39973
39976
1114
15220
8395
42979
18770
43168
21778
32709
