56128
73040
7541
82225
82227
1173
1174
73048
87159
36021
45205
45207
45209
5801
71305
62122
62123
0
5809
59316
2
62128
4
76230
85415
9
67051
4367
9297
25106
25109
42021
51204
39212
42026
42028
65311
2621
56130
82235
82237
73055
79428
31101
31102
87167
87168
19117
19118
36030
36032
71310
5810
36036
71311
5811
68502
71313
68505
68508
59328
62139
76246
67063
67065
4376
11001
4379
51212
48402
48404
39221
51215
42033
2630
74503
65324
56141
65328
56145
56149
79432
79436
79438
7569
87170
1199
87176
87177
31114
31119
45222
80500
45225
36042
36044
80502
71321
68511
68514
59332
80508
68519
59336
76252
76256
4385
34302
25120
34306
60403
25129
48411
48413
65331
65332
56152
2646
56154
79445
82258
14201
14205
14206
87181
40301
40302
87185
87186
40306
87188
40307
28314
31128
19137
54417
36052
36053
80513
77704
5832
68523
80519
59346
59347
85441
76261
76263
67080
76265
85448
85449
76269
67088
11029
25136
60413
51232
48422
57606
57608
51235
48426
42053
74523
39248
74524
42059
65342
74528
2656
65347
65349
2659
56168
79453
14210
82269
73087
40310
87194
37502
87198
37509
54421
19148
63609
54426
77711
45247
45249
77714
68534
5845
80528
59358
85451
85452
76271
67092
17400
20213
76278
20214
67096
11032
67097
11033
20217
20218
11035
43504
34322
34323
25140
43507
43508
57611
48434
57617
51246
42064
48437
51247
48438
83713
42066
56170
65356
2666
2667
56175
2668
56178
7590
7592
73093
23401
7595
14221
7596
23407
7599
23409
14229
40321
40322
28331
19150
28334
63611
63613
54432
63618
54435
86903
45258
45259
80534
71352
71353
5853
77726
62172
59369
76280
76284
20224
34332
66802
60431
34339
57622
57623
57625
48442
51254
48445
39263
83721
42074
51258
48449
39266
42078
2670
83726
42079
2672
56180
74548
2677
79470
79471
79473
23415
14239
28341
31151
40336
19162
72803
31155
63621
63626
63629
86913
36083
77732
45267
68550
45269
71362
36088
59370
80549
62184
62185
85472
26600
26601
20230
85479
26607
11052
52702
52704
34341
52709
60441
60442
60443
60445
48452
42080
48453
39270
42083
48458
48459
74551
83734
39279
65373
74557
2684
65376
56194
56199
82291
79485
23421
82297
79488
82298
14243
37530
31160
37534
40345
19170
28354
19172
31167
19175
54450
72816
63633
72818
19179
54457
86924
45278
45279
71371
71372
77745
59381
71374
12500
12504
68569
59386
5879
59389
12507
20242
26616
20244
52710
11063
11066
43532
43533
52717
49908
52719
25170
66820
25172
43539
66821
34357
34358
25176
66825
60452
60453
51270
48461
60455
66828
51273
48464
48465
39284
65380
2694
65387
65389
79491
32610
79496
23434
55900
14256
31170
28362
46729
37547
72825
54461
72828
63645
45280
45283
80561
68572
5882
77756
59391
80568
35800
35804
26621
85499
61900
11070
26626
17444
61902
20255
61904
20256
20257
49912
61906
43541
66834
25188
57655
51283
48474
57657
48475
83750
51285
48477
74570
39297
65391
39299
65393
65394
41805
23441
29814
55912
37550
28370
31180
31184
63652
63653
63656
45291
54477
80570
86949
71394
12524
21708
35813
26634
61910
20265
17455
52732
17458
52734
43551
25190
43556
25192
66844
60472
57662
66846
57664
60475
66848
60477
48485
51295
48489
74584
83769
15711
74587
14272
14275
46741
14278
46743
37564
28381
40374
46747
37569
31198
63668
86952
80581
86955
86958
18900
18901
86959
77778
80589
18904
68596
18905
68599
35820
12538
26643
35827
35829
20274
52740
52741
11093
49931
20278
61927
17469
11098
11099
34381
52749
66852
66855
48492
57679
74592
83778
41820
15729
32644
29835
32646
29838
46750
55934
46752
55936
46755
28392
37575
46759
37578
72853
63671
72856
54492
63676
54494
63678
30900
77783
86967
80595
18913
18914
80599
12545
18918
18919
35835
308
61930
26657
52751
61935
52754
43572
43578
34395
34398
66865
60494
66869
60496
10805
24911
15730
15735
41832
41833
29841
29845
29846
32657
14293
55944
40391
46769
40399
72866
63683
63686
77792
86976
77794
30913
77795
30914
86979
18923
35843
317
26663
17480
319
20294
49950
52761
20298
43580
17489
49955
66870
57691
10814
66879
83793
24920
83795
24922
24929
29851
23481
29855
55952
46772
72872
63691
30926
21747
328
17492
26676
49961
61956
61957
52776
43596
66880
10823
10827
10828
24931
24933
15754
24939
15756
41852
41853
32670
29863
29865
32679
55961
55965
72880
21750
86998
12571
18947
12575
12578
35863
35864
26682
35865
26686
61962
52783
49973
52784
49975
66892
66895
10835
41860
29877
46790
72896
30942
30943
30948
30949
12585
12589
345
348
35878
35879
49984
61978
49985
49986
49988
10842
24955
15775
41873
32693
29883
32697
55981
55989
21772
30956
18965
18967
18968
358
359
61985
61988
10853
10855
4016
24961
24963
15782
7203
30960
30961
30964
30966
21784
18975
30969
366
61993
61994
61995
61998
61999
10867
41895
7219
21795
18989
10879
24984
7222
30986
10880
4045
4048
24993
24996
2300
79102
7232
7234
7238
30999
392
395
59002
59007
85103
10890
85105
85108
7240
7242
79116
59014
5508
71009
2322
7252
7259
68201
5511
5513
59023
5518
59029
85122
85126
85127
4074
4075
48108
2332
2337
79130
79135
28000
28001
28002
28006
68212
59030
71027
59034
59035
71028
5528
4083
60100
60101
60106
48118
8710
65030
74213
8714
74214
2343
74216
65033
65034
65037
7277
28010
28015
54116
68220
71032
77406
71034
77409
5538
85143
85148
85149
4095
48120
57304
57308
60118
83401
83403
48129
2350
83406
83408
2352
8725
65043
8728
2356
79150
7284
37203
37204
37206
37209
54121
63305
54123
63307
54126
63309
77415
5543
5544
68235
5546
59053
80229
68237
85155
17100
17103
43200
34027
60120
60123
3808
3809
83417
65054
74238
8738
74239
2369
79161
23100
7295
7298
23107
37211
28034
54133
63317
77420
80231
77425
71053
71054
5554
71055
77429
59067
17112
17115
17119
3813
66503
3816
60138
83422
8740
74242
65062
74247
23111
23113
79179
23119
46401
40031
46404
37224
46407
28043
37226
40038
63321
28047
63324
54141
63328
86610
77434
86617
86618
5563
59070
59074
26300
26303
26306
26308
52402
52408
34045
3821
66511
57331
83437
8754
23121
23123
79188
23125
46411
40040
46414
37234
69700
72511
40046
72512
54152
54154
86623
86624
86625
86626
5571
86628
80257
59081
68265
12201
12203
59085
85180
59088
26310
85186
26313
26319
49601
52412
17137
43230
49603
49604
52416
52418
43236
43237
75702
3830
3832
57340
75706
34059
60154
60156
83442
74261
48169
74262
83446
74264
65085
29500
29506
32319
55601
23138
55606
37243
81702
28063
28064
72522
37247
72524
28066
69714
28067
69717
63346
54167
80260
86633
54168
80265
68272
68279
59099
85193
85195
85198
26326
61602
61603
17145
49611
52423
17149
43245
52429
43247
66531
66536
83451
83455
65090
65091
74277
74278
65097
15405
65099
15408
29510
41504
32322
41508
23142
29515
32328
55611
40060
78901
40065
28073
72532
78905
69722
40068
28075
40069
28077
63353
28079
63358
86642
86646
68282
5592
77467
80279
5599
21408
35510
35515
17150
26336
17154
43250
61617
34070
34071
52438
43256
75726
60170
66543
48180
48181
57365
48184
48185
48186
8786
15414
41510
15419
38704
41518
64800
32336
64802
32338
64805
55624
64809
46444
37261
69731
40079
72544
63362
81728
69736
86651
86658
18601
21412
21413
77479
68296
21418
12237
35523
35524
26341
35528
61623
49632
70808
58815
52443
52444
49634
58818
84910
61628
61629
49636
84914
66551
66552
34087
66553
57371
75738
60182
48190
57378
60188
48198
83474
8794
8795
74295
8796
24605
8798
24607
24608
41521
38711
50708
23160
32344
38717
29535
23163
32349
64818
40080
81730
46455
37272
78921
28091
78923
37275
40086
37277
28095
81739
28099
63375
54194
54195
86662
54197
80291
30600
86665
80295
86668
77486
80298
18617
44715
17170
26356
58823
70817
52451
49641
61636
58829
84922
52457
49647
75742
75743
66561
3872
3873
34098
66564
57381
75747
3875
10504
3879
10506
24610
24612
83489
15433
38721
47905
29541
32352
64821
23174
29548
64829
37281
78933
78934
72562
72564
81749
69758
77492
27800
77493
27802
77494
21430
77496
27804
86679
27806
21434
53900
21435
53901
53903
21438
12256
44722
53907
44724
26367
17185
58835
17188
43281
75750
75751
3882
75759
3887
10512
66578
83494
24622
83499
15442
24627
47910
50720
47913
29550
23181
38739
32367
64835
55652
55653
78944
72571
81755
78946
63393
72577
86686
21440
21441
12262
12263
27819
44730
18638
53913
53917
35554
35555
35556
17194
49660
61654
49665
49666
84943
49669
43297
66581
3893
3894
3895
66587
10525
10528
33811
24634
33817
15457
47923
38741
29560
50738
47929
50739
38747
23191
32375
23193
64842
32378
29569
23198
64846
55663
46480
78950
46485
81763
78953
69771
81769
72589
86691
30632
86698
18641
21451
30634
21452
30636
12275
12277
44744
53927
35562
70840
44748
44749
26384
61663
61664
58856
52485
75776
84959
16905
10532
16906
66599
16907
33826
24646
15465
15468
38751
41562
47937
29571
41566
32384
38757
64850
41569
64851
29577
46492
81770
55678
72590
81774
78965
81775
22900
81777
69785
69787
22906
13723
69789
30648
21465
27839
12283
53931
12285
12288
26391
70853
26396
61671
35579
52490
49680
70857
61674
70859
61676
58868
49685
49689
84967
75785
16911
75787
75788
10547
33831
33834
15471
24655
24656
50750
15476
50752
47944
47945
32392
32393
29584
29586
55680
55682
22910
69792
22911
81786
78976
18660
30655
27847
30657
12295
53945
53946
35581
35584
35585
44768
70864
70866
61684
58878
75793
75794
10550
10557
15480
15481
50760
47951
50762
41583
41584
38775
38778
64874
55694
55695
81795
78985
81798
13740
22925
22926
13749
21480
27853
21481
21482
18673
27856
30666
27857
21485
27859
44771
53955
53959
70871
35599
84981
84982
16930
16936
10567
24672
33857
41591
41592
47966
47967
41597
64880
64881
64882
64887
22933
13750
22939
30672
27864
18682
21493
53960
18688
44780
44782
58891
70885
70887
58899
16940
16941
10571
16947
10577
33863
33866
33867
24686
24687
47970
50780
47972
22942
22947
30686
44790
53976
53979
70896
10583
10585
10588
24694
50791
50792
2000
2001
13771
22956
22957
13776
30691
27883
27886
53980
16967
16969
33881
47993
22967
27897
53994
53998
5208
16975
16979
33890
33893
33895
2021
22976
22979
16988
16989
2031
2036
22982
22984
88018
88019
16990
16992
88021
88026
88027
88028
77100
77102
5230
5233
5235
5238
5239
57002
57005
8424
2058
63001
63006
63007
77119
57017
83112
8433
2061
8437
2065
63018
77122
5252
3510
3514
66206
2070
8447
8448
88050
88053
46103
6704
63021
6706
63026
77136
52105
52108
3523
66213
66214
8450
2080
2081
8455
83139
10
88065
17
32002
32009
46118
72213
63030
72218
63035
6719
5270
26011
52112
75401
75403
9904
75407
57044
3538
57047
8461
8463
2094
8468
2097
55301
69414
72225
81409
6727
72228
63045
86331
77151
77153
77158
77159
26020
26023
61304
75410
49318
75411
66232
75416
57051
75418
57053
66238
8470
8472
33
41201
88083
88085
29211
88089
29215
1800
29217
29218
46130
55315
1808
55318
46137
69421
81416
6737
63054
72238
63058
21103
5298
21109
35215
61314
52131
58504
26039
49323
52134
75420
75421
9923
3551
84607
3552
9925
84608
3553
66244
3554
9927
3557
57068
57069
83164
8483
15115
41211
88095
48
32034
38408
64502
32037
1815
55326
55328
78613
72242
81427
78618
78619
69437
69438
6749
86350
86359
21116
18309
35221
70500
35225
70501
35226
58513
26049
61326
49334
84615
66257
57077
8492
83175
8495
41220
15129
38417
29234
41228
64510
1820
29236
1822
55332
87802
81432
69440
78624
81435
87808
87809
78626
81437
6755
63078
86361
86362
77182
30301
77185
21122
30307
18315
44410
44412
35234
58520
58521
67706
70518
58525
70519
52154
9940
84625
75447
75448
10202
57087
57088
15131
15132
60
47602
41230
38420
15139
47607
29241
38425
73700
69
50419
29245
73709
55346
87811
46163
69450
81446
81448
72268
72269
63088
63089
86375
77193
27501
77195
27504
18321
18324
18326
53602
44421
18329
53605
70526
26069
84632
49357
52168
84634
84635
84636
3581
3582
66273
9957
66275
3585
75458
66277
57095
3588
3589
10214
83192
33505
24323
15140
41240
75
47616
41244
77
64530
64531
64533
64534
1845
73719
64538
46175
81451
55359
6771
72277
69469
63096
86380
86382
27511
86388
30323
18335
53614
53617
44436
35253
70530
35256
70533
61352
61356
58546
58547
52175
84642
52177
9961
84644
66281
3595
9969
10222
3599
10227
10228
33510
15150
38441
50435
47628
50438
29262
29263
50439
73721
32074
82905
41259
1853
73727
73729
1856
55365
46184
78650
81462
46187
78659
69476
72287
86393
27523
18340
30333
21151
27526
62804
21157
62805
44440
18348
53625
44442
62809
44449
70542
76915
35268
61363
58553
70548
61366
9970
84653
49379
16600
84659
9978
66297
10235
10236
33522
56810
24345
24346
15163
33529
91
93
15169
38452
96
41264
38454
29273
41266
38456
50449
32084
1861
82919
73736
64554
55372
46191
55376
46193
87844
78664
72293
78666
22602
72295
22603
13420
13421
13423
72299
13424
13429
62810
30346
62813
18358
21168
53634
44453
44457
26092
76924
70555
67747
52191
70558
61377
52195
49385
52196
75483
9985
75487
10241
10243
33531
39905
24350
24351
33535
56822
24357
47640
56827
38461
82923
32096
29286
32097
73745
55381
64569
55386
87855
81482
81484
78674
19802
69496
19804
19805
22617
45903
13439
18360
30354
21171
21172
30357
53643
53644
44462
35282
35285
76938
70567
70568
58577
61389
84672
84673
9992
25800
9994
9999
51900
51901
10254
51904
42723
33540
24361
24364
15181
33548
56830
24365
24367
15185
50461
41281
50464
47656
50468
38476
41286
29294
64572
73757
87864
78682
22620
31803
22625
13443
45911
13448
36731
45918
30363
45919
18371
18373
27556
30368
18377
53654
35292
76941
35294
44479
35296
67762
76946
61393
11702
61397
25810
25811
16635
51913
42730
51915
39922
39923
33550
42734
51919
42738
42739
15191
56840
15193
56843
50470
56845
56846
15199
50475
56849
50476
47668
38486
73763
64581
73768
1898
87871
87872
87877
78696
78697
31819
13455
19828
27561
30373
18382
30377
30378
18386
62844
62847
44484
53668
76953
67772
70583
76958
67775
76959
11716
58599
84694
84695
25820
84697
25826
10272
51925
51929
24387
56853
56855
38490
47674
56858
38492
50488
38498
14900
73775
64595
87884
19830
19835
19836
13464
19837
22649
27571
45937
45939
18390
36756
27575
53670
53675
53678
76960
76961
44496
44497
70594
67786
76969
20905
20906
25835
16652
51933
42752
10288
42754
33574
33577
50495
47685
73783
14912
14913
14918
87892
13471
13473
19846
19849
13478
36760
45945
36763
62860
62861
30396
62864
76970
76972
76975
11732
11733
67799
25843
10290
16663
10291
10292
51941
51946
33580
39954
39956
56872
47694
56879
47698
14928
31843
19858
13487
45959
36776
36778
53695
53696
53698
76983
20921
20923
11742
20926
11743
16672
51957
42775
39969
56882
56884
56889
14930
82989
14936
31850
31853
22671
31856
13491
22675
13492
13494
13499
45967
45969
36788
76997
20933
20935
16681
25864
25865
16685
16686
51963
51967
42787
42789
56890
56894
56896
14944
14947
8105
22680
31866
31867
31868
19876
22687
45976
62891
20943
20947
16695
42790
51973
39983
8112
19883
31878
22697
20951
20952
11778
25881
51985
39993
51988
39997
14961
14962
8126
31883
31885
19895
45994
45997
20960
20961
11785
51998
3205
14971
8134
31891
86003
11793
11794
20979
3217
3219
14982
6407
20982
14990
14992
8155
6411
6413
6415
6416
86021
20993
49007
9602
75105
3233
3234
3235
8166
8167
55007
81102
6420
81103
69111
81104
6423
69114
69115
69118
86033
86035
61004
61008
75116
3245
9618
3246
8177
81111
81112
69123
58202
75120
84304
75121
9622
84307
75124
3256
8185
38102
38104
38106
55021
55024
1518
78310
78315
69134
69138
86051
18005
44101
44108
70202
70203
9632
9633
84316
3261
84319
3264
3268
24002
8194
38110
64214
64216
55036
81131
81133
78325
78326
69144
18011
30005
44114
44115
67400
67401
67403
61031
58222
61036
61037
75141
75143
75144
84328
75146
84329
3275
47303
50114
38129
7907
73408
55042
87511
81140
55049
69153
81149
6466
6467
86071
86076
27203
86078
18022
27207
30019
53308
67410
61040
70224
61042
67415
58233
70229
49059
9651
9654
75154
33200
33205
24024
24027
38130
50123
47313
38131
50125
38132
47316
38134
38138
7914
7915
1543
73417
73419
64236
1546
87520
64239
87526
6472
78348
86080
86089
53317
76600
44137
76604
58241
67425
9661
75161
9663
84347
3294
75168
33210
24033
47320
56507
38144
47329
1550
7924
73425
73427
1555
64246
87534
81166
78357
78359
13111
13118
86092
30031
86096
36405
30032
86099
27226
18043
27228
44140
53324
44141
18049
53326
70241
4742
76616
67435
61063
4749
84350
61068
84354
84358
84359
75177
16302
42401
42402
56511
50143
56517
82611
79803
82614
38157
38158
64251
64252
1562
7935
73437
1564
7938
87540
64258
64259
55077
78360
81171
78361
78362
22306
22308
36410
30042
36417
36419
18054
53330
18056
62516
44153
62519
53339
85804
44156
85808
4752
70255
76628
76629
49080
58264
67448
9685
84368
9686
16311
16312
75189
42415
42418
39609
65704
33239
24058
50150
47342
65708
47343
38160
79813
7942
82626
79818
64263
82629
55085
1579
55088
87554
81183
87558
22310
19501
19502
81188
13132
19507
13135
45604
27240
71700
45609
27247
71705
59713
71706
62523
59714
27249
62524
59716
53344
62528
53349
76632
44167
85815
67451
4762
67454
4764
58272
67457
61084
58274
67459
4769
58277
49094
84370
61088
61089
49097
75191
9692
84376
75193
84377
16326
39612
39614
33242
33244
33245
65711
56531
65717
38170
50165
47357
82633
82634
73452
79828
64277
31500
31504
45610
13149
36434
30061
59720
30066
62532
30067
68905
53350
27258
59724
59726
85822
53359
85828
4772
58280
76647
70276
11402
70279
58286
11408
51611
51613
39621
51615
48805
51616
42433
33251
51618
24070
48809
33255
24073
24074
65725
56544
38183
47367
79833
82645
79836
1593
79839
64284
7968
87570
87572
78390
87573
78393
28702
22331
22332
22333
31517
78399
19526
13157
68911
30074
80906
62541
30076
68915
18084
80909
30078
68917
59736
44187
67470
4780
76657
70286
67477
67478
58299
34706
34708
25526
16344
60803
60804
60806
16348
74910
42446
33263
24081
42447
56555
79840
38195
82654
73473
79848
14600
7975
73476
79849
73477
64294
14607
40703
28710
40705
28714
31525
40709
54814
22349
45633
80910
30080
71730
27273
27274
68922
59740
18092
80919
71736
53371
18096
59745
59747
44191
85840
44193
85842
53377
85843
85847
70292
4794
70295
76669
11422
20606
4799
34710
11429
34712
34717
16353
25536
60812
25538
51631
42450
33270
60819
39643
39645
74920
74921
33274
74923
24093
65741
56560
74926
24097
24098
50190
47381
50192
79850
50195
73480
82663
73481
47389
7981
82664
7982
79857
14611
14613
73489
14615
14617
40711
14619
37902
40714
31531
40719
19543
22358
22359
54827
80920
71740
59750
27286
36469
80929
27289
30099
62566
59759
67491
85858
67493
20613
76679
67496
17807
43900
20619
11438
34723
43907
16360
51640
16365
25549
48832
42461
51648
48839
33283
33284
42468
39658
74933
42469
74935
74937
79860
82670
7991
82679
7997
14628
37911
40722
28731
31543
37918
40729
54832
22369
71751
36477
59761
59763
71756
68947
62577
85860
62579
85865
20620
20626
17816
43917
16371
34738
16375
60836
39663
42474
74944
56582
56586
56587
79874
23811
82686
82687
23815
23816
14636
37920
31552
37925
40738
13193
22378
22379
54849
80941
36486
80945
80946
59771
59772
59775
59778
62588
85874
85877
76695
17824
20635
20636
11457
34742
34743
25561
16380
25565
51660
48853
42481
56590
56591
65776
65778
65779
23823
82699
23825
23826
40741
37936
22382
19574
22384
19577
22387
54853
45671
54855
54856
45673
45675
45676
36494
68960
36498
71774
80959
20645
20648
20649
34754
43938
25576
51670
51671
16397
51674
60858
48866
51677
74960
48869
42496
65782
65787
79891
23832
79897
14652
23839
22393
19583
19584
28769
19586
45680
54864
54869
80962
71782
71785
12911
68977
85893
85896
17841
11472
11473
11475
43947
51681
39691
60869
51686
65793
23843
14661
14663
40761
28771
28773
31585
31587
28778
28779
19596
45691
80971
45697
80973
68981
71792
68984
71795
12929
17850
17851
11483
20668
11489
34773
25590
43959
25595
60876
74980
48888
23852
23853
23854
23855
14672
28780
54883
80983
68992
68993
68997
12939
17863
17866
17867
48897
48898
14689
40782
37972
37974
28793
37978
28795
54894
80994
702
703
707
20682
20685
43970
43974
34795
60890
60893
23870
23877
23878
37982
6113
713
17880
17884
20695
20697
20699
43989
9300
9303
23881
23886
23888
23889
37990
37999
12961
6124
720
6126
12968
723
6129
17891
17899
9314
23893
78001
12970
12973
12975
731
734
6139
735
738
84004
84006
9327
1213
1214
1216
6140
741
6147
4401
9332
9336
1226
87207
12994
750
84022
9340
9349
7602
73103
1233
7608
78034
6166
762
763
53005
4421
67114
67116
9351
47011
1240
7614
1242
73116
78043
772
778
53014
4430
67121
4432
67122
4436
67127
9360
84046
56201
47020
56204
47024
7620
7621
73123
7624
82309
73129
7629
87233
78050
78052
78055
78058
780
78059
36102
36104
62202
62203
62209
4442
76316
76318
84052
9371
9376
42105
42108
2704
56212
56214
56215
47036
56219
79502
47037
82312
73132
1261
1262
79509
7636
73139
87240
87243
78061
78063
6192
6194
78068
793
22009
796
59402
62219
76320
76323
76325
76327
84062
84064
9387
16014
39302
42112
39303
42115
39307
2713
79511
79512
73141
7642
7643
79517
78071
78073
78076
45301
62220
36129
62226
62228
67151
76335
76337
4464
4466
67157
84077
9397
51302
42121
42128
2726
82335
82336
7653
79527
78080
31201
78083
87267
87268
78085
22020
19210
78087
31209
36133
68601
68604
5914
68605
71415
62232
53050
59423
71416
62235
59428
62238
62239
4472
76347
76348
67167
84081
51312
42132
51316
48506
2733
56241
56242
74608
56244
65427
47062
56245
47065
47067
47068
7660
82343
82346
87277
28403
78095
19221
78098
54504
54505
45324
5920
71422
68612
36148
5926
62244
68618
85531
76350
67170
4484
67177
84091
11119
84098
16041
25225
16042
16043
51320
51323
60507
51325
48515
39335
51328
39339
65433
2745
47070
47072
56257
79541
79543
7670
47079
73172
7675
73176
14303
73179
14305
87280
40400
14309
40401
40402
40403
31220
31224
19233
22048
54518
80612
77803
71434
68625
80619
59443
53071
53072
59446
59447
53077
4491
76367
4494
67185
67186
20308
34410
57700
57701
57702
57703
57704
16058
51333
57706
42151
16059
51335
83803
42155
39346
74621
83805
74622
65442
74629
82360
47086
7680
79555
82365
73183
79557
82367
7686
73189
14318
37600
40413
28421
31232
37605
28422
19242
37608
31236
31237
28428
54520
22057
54527
54528
5941
77816
68633
77817
80628
68639
85554
76374
20312
76377
17505
43609
34426
25245
60521
57713
60525
57717
39353
48536
83815
83816
65450
39359
65452
74639
2767
2768
47094
73192
73193
73196
14322
14325
40420
14329
31244
19252
40429
22063
63714
28439
19256
45350
77820
36173
5950
36178
77827
5955
80638
53090
68649
62277
53097
76382
85567
76384
17513
20324
17517
43611
25252
66902
25254
57720
60531
60533
51352
16077
42170
57726
48543
39362
60538
83822
83826
39369
56280
2777
56287
82381
79571
82383
79576
14330
79578
23517
23519
14336
40430
14338
40432
31250
46807
40436
37626
22071
31255
54541
63725
54542
22077
63728
36180
45364
54547
80642
77833
71461
45369
36189
5964
59473
77839
68659
59478
59479
76390
76393
26701
26702
76395
85579
17521
76398
76399
11156
20339
52807
43624
43625
52809
34443
43627
66911
57730
16083
60543
51361
48552
16087
51364
51367
51368
74651
74653
65472
56290
56291
2784
65476
56295
82392
82393
79584
79586
23528
14347
28451
31261
46818
22081
40448
37638
19272
31266
22083
31267
19275
72917
63734
31269
28459
54556
45374
80650
77841
80651
5970
80656
5977
62297
12609
11160
66922
66923
25275
16093
57743
66927
51371
16096
39380
42190
57747
39382
39383
48566
48567
74662
42197
65481
2792
74665
2798
29900
32710
79593
29904
32716
23537
37640
40451
46825
37643
31271
46828
72921
28464
19281
19282
72924
28466
19284
72926
63749
77850
77855
68672
5983
59492
77859
59494
68678
12618
85593
35903
26723
85598
11170
11173
17546
43641
11177
52825
43645
66931
25285
66933
66934
48572
48573
51389
65490
83858
41901
46830
23549
46834
46835
31281
28473
40467
19291
31285
63755
45390
54576
45393
77864
71491
5992
68684
80679
71496
21804
12625
35916
17550
20361
11183
11185
52837
25291
34475
66942
34478
48580
25299
74680
48588
83864
74682
83868
74689
29920
29922
32733
29924
32735
23556
29929
14374
23559
46841
46846
28480
37665
37668
40479
54580
28489
54582
21810
80685
68693
80686
80688
12630
12631
21814
12632
35926
35927
26748
17569
20379
43666
57770
66954
57772
48592
57777
48599
83875
15823
29932
41925
29934
23563
32746
29937
23566
14383
46850
46852
40482
40484
46857
40486
63772
28497
63775
63777
77883
21828
35930
26750
20380
17570
409
20385
52853
52855
34495
66961
57780
57783
57785
60597
15833
41931
29945
23573
32757
32758
23577
46863
37681
46864
63787
63789
21835
415
35946
20392
26767
20398
43685
43686
10912
57797
83893
10919
83898
83899
15841
9005
15847
29950
32762
23584
37690
37692
46877
37695
72971
72973
72976
72978
21845
12669
35952
52871
17599
52876
43698
66982
10926
10928
10929
32770
41958
32775
41959
46880
46884
72980
72987
12672
21859
430
12678
437
26784
26788
52884
52886
66990
10933
66999
10935
10937
41963
32780
32784
46895
46898
46899
72992
72995
21865
35971
26791
26795
26798
4100
4101
10946
4105
4106
4108
9030
15875
9036
41976
29986
29988
21870
21871
21877
21878
35986
15880
15881
9040
41980
15889
41989
7300
7301
7306
21886
35993
466
10961
4121
10965
15890
41995
41996
21898
478
76002
10972
76005
4134
10978
9060
9064
9069
82003
7320
7323
7328
484
487
488
76011
10980
76014
10984
76016
4149
9070
9072
9077
2402
82018
7335
82019
492
497
59100
85203
85206
85207
4151
9080
65101
2412
65103
2418
82021
79214
82024
82025
45001
45003
5600
71102
59112
5609
71109
85217
76036
39017
39018
65111
2424
82030
82032
79229
45015
68304
71115
59126
85220
59128
85224
85229
76049
48202
48203
39020
39024
48208
51018
74300
39026
51019
74303
8804
2432
8805
74305
2439
79230
82042
79233
7360
7366
28107
54206
45028
5624
59132
71126
59134
5627
85230
59139
85231
76050
85234
76052
76059
4188
60200
51020
51023
39030
48213
48214
48215
48217
74313
2440
2441
74315
74317
2445
74318
65135
2447
79242
7371
40100
40101
14009
40107
40108
40109
54210
54212
54213
45032
80310
77500
54219
45036
80314
77504
71134
77507
59142
59143
59145
59146
85242
76062
34116
51030
57403
39040
48226
39044
39047
74322
2450
39049
83509
65143
65144
65146
79252
40112
37306
28123
28124
54223
45043
80321
45046
77514
80325
59158
85250
85251
85255
85256
20010
17200
17201
17203
20013
20016
43307
34129
60222
3906
48230
3907
48233
39054
48238
39058
74334
65153
65155
65156
79260
79263
7391
7392
79266
7394
23203
7396
28131
37316
40126
63411
77520
45055
54238
80332
86706
80333
68341
59161
77528
59169
17210
20021
17211
76087
17215
17217
34133
43318
60230
34139
3915
66606
57427
57429
83522
8840
83524
74341
8842
83525
39069
8846
8848
65168
82081
79275
23211
40131
37321
14039
37323
28142
72603
54243
63426
86712
45064
86713
80341
77531
80342
45068
59170
80346
86719
80347
77537
59172
68356
85270
85274
85277
76094
20030
26404
26408
17225
26409
17227
3920
34147
66613
57431
3925
66617
48252
60245
51064
83530
39078
74353
39079
83538
74356
8857
65175
2486
2488
79280
79281
23220
32405
23222
79287
79288
32408
37332
69800
72612
72618
72619
69809
45071
80353
77544
86728
77545
12302
68368
59186
12304
85280
12308
26410
85289
17231
17232
49700
26419
52512
20047
20049
17239
34151
34153
75804
57440
34158
3934
3936
48260
60254
57444
48262
66628
48263
39080
3939
51077
83544
8865
2493
2495
65188
79290
79291
79292
29602
23232
32418
14054
14058
46524
46526
46528
81804
72622
72623
37348
69817
69818
63447
86730
86732
54269
77554
77555
59191
12310
80369
12311
5687
71187
85290
12316
35604
17244
61702
20055
49714
20059
52525
61708
49717
75812
75813
43349
34167
60261
57451
75818
51080
57453
60264
57455
60268
51087
8872
74372
83558
15507
29611
41604
41606
41607
32427
55715
55716
40160
14068
46535
46536
37355
28172
46539
63450
72633
37358
81818
54270
72637
69827
54271
54272
69829
54275
86742
86744
80372
68381
80375
86749
68384
80378
68387
71197
21505
5699
12328
35611
12329
26430
26432
26433
17250
17251
61711
26437
58903
58904
61715
58908
43355
3953
3954
75828
57463
66649
57466
48286
51097
8881
74384
8885
15515
41612
41614
41615
41616
32438
29629
64905
55723
14075
64907
40170
55727
37364
40174
81823
46548
81825
37368
69838
54282
69839
54286
86752
54288
80381
86754
68391
18702
44808
44809
61720
26447
17265
61724
70909
61728
43369
75835
34188
3964
75838
66657
3967
48293
83570
57479
48296
48298
8894
83578
15523
8899
15527
29630
29634
32445
29635
64912
23266
29639
64915
55735
55737
72650
69840
81835
37379
81838
63472
69845
54290
28199
72659
54295
63479
80393
80398
21528
44811
44812
12348
35632
70910
44818
26454
109
20084
17274
58923
70917
49742
49746
43373
61739
43379
57480
34198
75848
57483
3976
10604
60297
60298
83588
15531
24716
24717
50810
32450
50816
41633
32451
50817
32454
32455
64920
23274
29648
64923
23278
14095
55744
55745
55749
46568
72660
37388
40199
72664
37389
69855
72665
63489
30710
30712
27903
12350
18725
30718
44820
20094
17284
61747
43381
43382
49755
49756
66670
66673
3983
10610
66675
75859
10611
10612
66677
15545
50824
38832
38833
50827
41644
41645
29655
41648
32466
38839
29657
46572
55759
81851
72670
69860
81853
37397
63491
63493
69867
13807
13808
86785
27910
27912
30724
12360
12365
44831
35654
127
58941
52570
70936
58943
49760
58944
58946
75863
43398
66680
10624
10627
10629
33913
33917
24735
24736
15553
15554
38842
29660
41654
29662
81860
46586
81862
69870
81866
72685
69876
72689
86790
13816
30730
30731
21550
27923
21551
18746
27929
18747
35661
44844
132
136
26482
44849
26487
58953
26488
49776
75879
10638
33927
24746
33929
15563
50840
24749
15566
15567
38854
29676
64952
64953
46590
55776
46594
69880
72690
81876
72694
13821
69886
27930
27932
30745
18753
30747
12381
27938
30748
12383
44852
142
146
26492
26493
26495
58963
61775
58965
49782
10646
33930
24756
15573
41673
29682
38865
50858
41678
38868
64966
81880
81883
13830
81889
13834
69899
13838
27944
21572
18767
44861
159
58976
58979
75897
75898
24765
15582
24769
50861
41682
29693
64970
38879
29696
29699
64978
13847
27952
30763
30767
18776
44872
70977
58986
61797
58989
61799
10664
33952
33953
33958
15594
50871
41690
50877
64986
64987
7010
30770
27961
18781
21592
27966
27968
30779
44883
174
70982
10674
10678
24781
33966
33969
38891
7020
7021
13866
13868
7027
27972
30783
18790
30786
27976
18794
18797
44898
70998
10688
24790
33977
24794
50897
2105
13871
7036
30798
195
196
33982
33983
2117
7046
27994
33993
33998
33999
2121
2129
88104
7050
13894
7057
7059
5314
68005
68008
8505
2137
88114
88118
7065
80006
5326
2141
8518
88120
7078
80012
5334
57107
83204
2150
2151
2156
88137
7086
7087
7088
37005
63101
63107
80022
77212
77219
68039
43003
3603
8536
88143
63110
63114
86404
77224
86408
68044
77227
5357
66300
66306
8540
74041
74042
83229
88154
37028
37029
72304
63122
6809
80041
5360
5361
5364
5365
77239
68058
26100
26107
52200
52202
43024
52208
66311
66313
3623
57137
83230
57138
83233
74053
8555
83238
2185
2187
46212
37031
69501
37039
72318
80052
77243
80054
68062
5374
80058
5375
5377
26110
26115
26116
49404
43032
49409
43038
75504
3632
75509
57143
66327
3638
57149
74063
74064
83249
74069
29307
29309
46225
37042
46228
72322
37047
69513
6823
63143
63145
69518
72329
69519
63147
77250
68076
77259
12011
26125
49418
66330
3640
66334
75518
3645
57153
66337
74075
8577
74077
8579
88180
15208
29312
88187
32122
41307
1906
55418
81513
69523
63152
81519
69526
72338
72339
63158
77262
77263
5391
86448
80077
77268
80079
5397
68089
21209
12027
35310
35314
26134
61410
58605
52234
58608
84701
43054
49428
75521
43057
66340
84707
66342
75526
57160
66344
57161
57169
83263
8581
8583
83266
8584
8587
41312
41315
29325
55420
32139
64605
55423
81520
37065
72342
37067
78716
63161
63163
69537
63165
63168
80080
86454
80084
68091
77275
80086
77277
68098
12038
12039
44506
44507
26147
26148
70606
58615
43062
43064
49438
43066
3662
75538
57173
3667
3669
74090
83274
74091
83275
8595
74099
15224
38511
50504
41322
29330
50509
38518
29335
64610
38519
1922
32148
1923
32149
46250
87900
87902
78722
72351
72354
81537
63174
72359
80091
80092
30400
77282
30404
80097
30406
18414
30409
21226
18419
44511
44515
26154
61433
26159
52251
58625
52255
49445
43074
49447
75541
84725
3670
3671
75545
66364
57182
83287
15230
15231
24416
24418
15238
32153
38528
64621
73806
55441
73809
46262
55449
37084
81543
69550
72363
63182
69555
6865
6866
86473
86476
77293
27606
27609
18426
30419
12054
44525
44529
26167
52261
61444
61445
43080
49454
58638
49456
66371
75554
75558
66375
10313
66379
83291
15244
24429
15247
47713
15249
41342
29351
41344
47719
73812
32165
73816
55451
64634
55455
1949
81551
37093
72371
69561
78745
87929
78746
13502
72377
63196
13505
27615
27616
12061
21244
53710
21245
12062
53711
21246
53714
44532
35350
53717
35355
67820
67821
67823
52271
26179
61454
58645
52277
66380
3691
10321
66386
10324
33611
10329
33614
24433
24436
50530
50531
47721
15257
38540
41351
15259
41353
38544
41354
41355
32173
32174
1952
32177
1956
46284
46287
87936
72381
87939
72385
78759
69579
13515
27622
36805
30437
62903
30439
53726
12079
53729
35364
70640
70646
49472
61466
52286
49478
75572
84755
84757
10333
10334
16707
42800
24443
24445
15262
24447
15264
50540
56913
56914
47733
29371
47737
50548
73830
41368
41369
1962
29377
32188
55471
29379
64656
64657
46297
87947
78767
81577
6895
13523
13527
13529
36811
27630
30446
18453
62911
21263
27637
30447
12081
53730
12082
53731
21266
53732
53733
44553
35373
26191
61473
70659
58666
49483
52294
49484
52296
52297
84766
16711
10342
42810
33631
42817
42818
24453
42819
24454
24457
47740
15276
47742
50554
56927
41371
38563
32191
38564
41375
29383
47749
38569
64665
1977
55485
64668
87951
81580
78771
78773
69593
19901
81587
19903
81588
78778
78779
69596
19908
13535
22719
36820
13539
30453
36828
62921
21273
18464
53741
44560
12097
12098
35381
70661
67853
61481
61482
58673
61487
49496
84776
84779
25909
42821
10357
42823
42824
42827
33644
24461
15281
33649
15286
24469
15287
41380
38570
56937
41381
50565
41382
41383
47758
38576
29393
38578
29399
64674
55492
64675
87962
81594
19910
78787
19912
22723
78788
22726
13543
36833
30461
30462
30464
62930
27658
53751
18479
53754
62939
44573
44577
35399
61491
84784
84787
25913
25916
10364
16738
16739
24470
24471
42839
56940
24476
15295
56946
38581
47766
38586
73864
1995
1998
64689
78790
87978
31913
78795
22731
13555
36845
30472
27662
21290
62940
18482
18485
62946
53765
44582
44587
67873
67875
11811
70689
11814
58699
11818
16741
16747
10376
33660
33662
33665
24482
47776
47777
50589
73872
38599
64697
64699
87986
87987
22742
22744
13561
19934
31929
36854
30488
53771
44590
44593
70691
70692
67885
11821
67887
16752
42859
56960
50595
47785
87990
22750
36861
30490
27680
30491
30493
27685
36869
53781
53785
25940
16763
16768
33682
42868
47799
73894
73895
73896
31941
19952
31946
31947
19954
13583
36875
27693
62972
62973
62974
5005
11847
5007
25950
25959
16777
42871
33691
42875
33692
33693
33694
56985
31953
22773
13595
19969
36882
62989
11851
11854
11856
5016
25964
16782
25967
16787
42886
56990
56994
56998
8206
19971
19972
19974
31967
36892
5022
5023
16791
16792
19985
22797
19987
19989
11870
5036
5039
8220
8229
31983
19991
19995
19998
19999
11883
11885
5044
11888
5046
11889
5048
3305
3306
3308
8232
8233
31991
86107
5051
5052
3313
66003
8243
8245
6501
6502
6506
86112
66016
3328
8252
69200
6511
72012
69204
72017
86123
5070
5072
49100
49101
75200
75201
9702
3332
3333
75207
66025
66026
66027
66028
29003
55106
72020
6520
69214
81208
72027
69218
86133
86136
5082
86139
5083
5086
5089
35005
61100
49111
49112
61106
49116
75211
75212
66032
3342
66034
75217
8276
29012
29015
41008
1602
55116
78405
6535
78408
6536
72037
72038
86142
86143
86146
35015
61110
58301
61111
61115
49123
58309
9721
75223
84409
66044
75228
9728
3359
8280
41011
38202
29020
41013
41018
29027
1613
55121
64306
81221
72040
6540
81224
78416
6544
6546
86153
86159
18104
18106
18108
35025
61120
70304
4806
49131
49132
49133
58317
49134
9730
84415
66052
24100
8295
24104
8298
50200
50203
41021
50205
38214
29031
29037
29039
64316
64318
55135
78420
55139
81234
72052
87609
6554
78428
69247
86160
86161
18111
18114
35034
35035
4810
67503
35039
58323
49141
49142
67509
58327
61137
49145
49146
75240
9745
66065
24115
50211
38223
41037
73502
73503
64321
29049
1634
64327
87611
87612
69252
6563
69254
69255
6566
72066
86174
30110
30112
18121
27306
18123
53401
53408
53409
70320
44228
35046
70322
61140
67514
61141
4825
49150
84430
9751
9752
75253
66073
3383
3384
10012
66077
3389
10015
33302
50220
50222
38232
50226
38234
47418
47419
41049
64331
64332
64333
29059
1645
64336
1649
55157
55158
69263
72076
72078
69268
30121
30122
86187
27312
27313
30124
27314
18132
53410
44232
35051
53418
53419
35054
76702
35055
58340
61154
4838
49165
58349
84441
49166
84445
3390
9764
66081
3391
9765
75269
3396
3398
66089
3399
33312
33314
33315
33316
33318
56601
50230
47421
41051
50235
29061
41055
47429
73523
41059
64341
38249
1652
29067
29069
55165
64349
87633
78450
81261
69270
78454
78456
6583
78457
78458
13213
36501
36505
27322
18140
86199
36508
30136
62605
53422
35062
35066
76715
76716
61161
4844
76717
4845
76718
58355
67538
58356
49174
58358
61169
84452
75270
66090
9776
66094
10032
66099
10035
42503
42505
42507
42508
24142
42509
24144
33329
56612
38253
29070
47437
29074
73532
79905
73534
1662
73535
1666
6592
72093
22401
6593
72094
6594
22403
69285
81279
13222
6597
13224
22409
27330
36513
30141
27331
18150
27337
27338
44250
53438
85905
4850
70350
76723
70351
58360
85909
67545
61172
49181
4858
61175
84460
58369
75281
75286
75287
16413
75289
10041
16416
42511
10046
42515
24150
65801
65804
65806
47440
65807
56625
50253
56626
47443
41071
38262
79911
38264
47448
38266
82724
50259
38269
1673
64367
55186
87656
78475
69292
69293
19601
22412
78477
22415
19607
45707
18160
71802
59810
27345
30156
62622
71806
30159
44263
44266
76734
70362
4865
70366
61183
58374
70368
49194
61189
75290
9793
84477
75294
25604
9797
51700
25609
16426
16428
10059
33342
39715
42528
24165
56633
56634
41080
47453
47454
79920
29090
73550
47458
29093
82734
50269
1680
29095
1682
73557
64376
64377
87661
64379
55198
87664
55199
87665
78484
81294
87669
78487
22423
13244
19618
19619
30164
36537
30166
27356
27358
59824
18177
18179
76742
70370
35096
85929
61191
58382
76748
11502
61197
84480
25614
16436
25619
10064
42530
10066
33352
33353
48909
39727
42538
65820
39729
33357
65825
47460
65828
82740
82741
38285
73563
73564
41099
79939
73567
1699
87677
22430
28805
45720
45725
27361
27363
71822
36547
62645
18187
59837
44282
59839
44284
44286
67571
85939
58391
4884
67575
11510
70387
67578
58397
58399
84492
84495
34806
25625
25627
25629
51721
60904
10075
48913
42542
48915
65830
65832
56650
24186
47470
65837
47471
24189
56657
47475
73571
82755
73573
14702
73578
14704
40800
14709
87684
87687
40806
22441
28815
28817
28818
19636
13265
45737
18190
45739
27374
62650
18193
36559
71835
71837
27379
53473
59846
85941
76760
44297
76764
67582
67583
85949
70395
70396
67588
20707
11526
11528
25631
34815
16451
10080
60912
16455
48921
16457
60916
10086
51734
51739
33373
33377
50291
47481
56667
47484
47489
73584
79957
14713
73588
73589
14716
87693
28820
31631
28821
31633
28825
54920
28828
19645
31639
45741
45742
13278
54929
71840
45749
36566
27384
71843
71844
62664
59857
53486
85957
17901
67597
11534
11538
11539
34824
16467
51742
39750
48936
39755
56676
47496
47497
73592
14720
23903
73598
14726
31640
28834
22462
13280
19653
22464
54931
31649
13285
19658
45752
27390
45757
62670
27396
71858
71859
59867
76782
17913
17915
17916
20728
34834
16471
25657
25658
60935
42574
42575
48949
65860
65864
65867
56686
79971
23912
82789
79979
23917
14735
40832
28840
28844
22473
28848
22476
13293
22478
54943
54944
45761
45762
36588
62682
59875
59876
62688
76790
85974
85977
17920
20732
11551
25660
34845
25665
60944
51765
51767
39774
51769
56696
56697
79985
23922
14741
23924
23929
40841
40845
22482
31669
54953
19678
54957
45776
45777
36594
59881
62692
62693
62695
62698
59889
85983
17938
17939
11567
34856
25673
25674
48960
48964
48965
39782
42594
39787
65889
79993
23932
14759
31673
40857
19683
19685
19686
54961
19688
54965
71882
17945
11577
34863
51781
60965
60967
60969
51787
48978
23940
14761
40864
40865
40867
40868
31686
19696
54973
71894
71897
20767
17959
34872
25697
25698
48981
60977
48986
51798
14778
14779
40875
28885
31696
40879
28887
28888
54980
54981
54986
17964
20776
11596
34884
34889
60981
3016
23962
23964
14785
14789
28893
28898
54992
54998
20780
20786
34898
60991
60994
60997
23974
23978
40895
40897
6218
815
816
17980
817
819
20793
9402
3034
9407
3036
3039
17993
17996
17997
3041
9416
9418
23992
1308
6231
78104
6233
834
838
58003
58005
84100
9421
3052
9425
1318
78111
78112
6242
6248
4501
70001
70002
58018
9432
9434
3064
3068
64010
64011
1321
1322
1324
64015
78120
78121
78122
6254
6259
58021
70015
67207
58025
67209
58027
84121
9440
84127
7700
64021
7704
64024
1335
73208
64029
87312
78133
78137
78138
6268
53103
53105
53106
67210
67211
70022
58030
58031
58032
67216
4527
70027
84131
84133
9451
84137
3086
33006
47111
47116
73210
64030
64031
73215
7716
7717
73217
73218
1349
78143
6276
873
875
76402
58043
70036
4537
67229
58047
9461
3097
3098
33018
33019
47122
47125
82403
47128
47129
73221
73222
64040
7723
1351
1352
73227
64045
7728
87333
87339
78156
6286
36204
27022
27023
62300
27028
62304
62305
76412
67230
70040
67233
70044
76417
67235
58053
70048
67238
84157
9479
42204
33023
47130
2807
47132
56317
47135
7733
1362
73237
1365
78160
78162
87345
78168
78169
6298
22109
36218
62311
53130
59503
53134
76420
85606
70053
76427
70055
4557
58065
70058
70059
84160
58069
84163
9481
84168
16113
39401
39405
42215
39409
2811
33037
56321
2817
47148
64060
79616
79617
64062
7748
1376
73249
64069
87351
78170
78172
19304
19305
45400
19309
45406
36223
36225
36228
71504
27048
59513
53147
53148
85615
67250
85618
67257
67259
25300
84175
25301
9493
84179
39412
42223
39413
51407
39414
42229
33046
33048
56338
73250
82436
64071
64073
79629
73258
64078
87360
1388
78185
22122
36233
71510
71512
36238
27055
62331
27056
27057
68705
68707
53151
68709
53154
53156
85625
85627
70072
58081
58083
84180
84181
11209
84183
84186
25316
51410
48600
16137
48603
16138
42230
48604
39421
48609
33053
42237
65521
74707
2834
65526
79630
47165
56349
47167
79633
64080
64082
64088
64089
1399
87372
78190
19323
19325
54605
54607
36243
45428
36245
71523
27065
68716
59538
76456
70084
70086
76459
70087
58098
11218
25320
34505
25323
84199
34508
16144
60604
25329
48614
60607
39432
51426
74711
48619
74713
42248
39438
47176
56359
79641
47177
47178
7772
82456
73273
79647
14400
73277
28513
22142
31326
19338
45431
22149
27071
77903
68720
71531
77904
68721
77905
71533
27075
36259
27077
80719
62354
68728
68729
62359
76461
4593
4596
70097
70098
4599
11224
34510
34514
34515
34517
16151
60613
51430
60615
51432
51434
51435
39444
83903
51439
39446
65540
2850
56362
65547
65548
2859
47183
47186
7780
82464
7782
73283
14411
79659
37701
37703
87398
40516
40518
31336
63802
22155
63805
63806
54624
45441
63808
45443
36264
45449
68732
59550
77916
77917
53180
27088
71549
53185
59559
85652
76473
17602
20413
11233
67298
11235
34528
25345
60621
34529
60622
57815
42260
39451
39452
39453
33082
51448
42267
33088
56372
47193
56378
82472
73291
23601
79667
14429
40523
36273
45456
27090
80732
27091
45458
71551
68743
59560
71554
36279
59562
53190
62374
85665
85667
17612
11241
17614
11244
11248
43714
34534
16170
16173
51451
16179
42271
51458
42276
39466
65560
2874
33099
2878
56386
82485
79676
79679
14433
14438
40530
19360
31354
40537
31356
54641
54642
45460
54643
54645
36282
45467
80743
36285
45469
80745
36287
71563
62381
80749
68758
26801
76497
11250
11251
20435
34540
43728
57830
60640
16183
25368
16187
51463
60646
16189
39473
42284
48658
74753
74758
65577
2888
82490
32802
82495
79689
23627
37734
28551
31365
19373
28557
54652
22188
45472
54659
45476
36295
68761
36297
77946
59580
71577
71578
59585
85684
26815
11261
26818
11263
20447
43731
52915
34551
34554
34558
25376
25378
48662
60655
60658
42293
83942
2891
65581
39489
2892
65587
65589
23630
23631
32816
23634
46925
40553
31370
31377
19384
54660
28568
63844
54664
71580
71582
68772
71584
59591
12711
68776
85691
26823
26826
17645
11273
20457
11274
43740
11276
43743
11278
34563
25381
25384
34568
60664
60665
83950
48675
60669
51487
83952
51488
39497
74773
83959
74776
15903
74779
14462
28572
46939
37757
19392
31387
28577
19396
45491
45499
68781
71593
77966
12727
17651
26834
11281
11285
34571
34572
43756
34574
34576
34577
60673
57866
51494
60677
57868
57869
51498
74785
74786
15913
15916
15918
14470
32838
46940
40570
14479
37761
40572
37762
37763
28580
40573
46948
28585
40578
63861
28587
54680
28589
80780
77971
80786
77978
21914
12739
26840
20471
17662
26845
17665
26849
20478
11296
52945
52946
43768
57870
60685
60686
83970
83978
15923
23661
23669
46954
37774
28591
46957
28592
63875
21923
12749
503
17671
508
20481
20483
26858
20486
20487
43770
52954
52955
43775
43779
60697
60698
83987
15934
15937
14490
14495
14496
37783
37784
40594
40596
46969
63886
12753
12755
513
26861
518
20493
26867
52960
20495
52961
20496
17689
43781
52969
83991
15941
9104
9108
32867
23684
23687
46979
63898
21941
12761
21947
523
527
528
26874
17694
26878
52972
17698
43790
43795
15950
9110
15955
9117
32872
23693
46984
21950
21951
52980
52986
9121
15964
15967
32881
1017
21960
1019
12781
21965
543
26894
26895
52990
52996
4203
4204
15970
9130
15976
15978
32890
1022
1028
87001
87003
21974
87005
21976
4215
15980
7406
21989
562
4221
4229
15993
9152
7414
1044
7418
1045
1048
21992
87026
21995
87028
572
76101
4233
4239
9166
56001
56003
82100
82103
7427
7429
87030
87033
62003
62004
76117
9179
2505
56018
79302
79304
590
591
596
599
59203
59209
4251
76127
9185
9186
39102
2511
2513
65206
56025
56029
79312
79315
1072
7449
45101
59211
62022
71206
71207
5707
59216
59217
59219
76133
76135
4265
76138
9192
25003
25005
25006
9199
25008
51101
39110
39113
51106
51109
39117
39118
2520
65212
56031
2525
2527
2529
82136
1081
7455
7457
1087
87060
31001
31002
87067
19011
19014
19015
45115
68400
68401
62030
68404
62032
5715
71217
85325
76142
76143
76144
25013
25014
51112
39125
8902
74404
8904
74407
56041
8908
2535
74408
56042
74409
56043
2536
82146
1092
7465
79338
1093
1097
87073
87074
31010
28202
19022
28205
54306
45123
54307
80404
5723
71227
59235
62047
59237
62049
59239
85336
76155
34201
25020
34207
34208
25026
60305
51124
39132
48316
48318
51129
39136
2540
74414
8914
65236
2547
65239
56056
2549
56058
82152
7470
79343
7475
82159
14103
87082
40202
19034
31029
45130
54315
54316
77601
5731
71232
59240
77607
5735
5736
5737
85341
4290
85346
76163
4292
76167
20103
4296
20104
76169
25032
34218
51134
60319
48326
48328
8920
83604
39147
74423
83607
74425
8927
65245
74429
65247
56064
56066
56069
82163
7486
82169
7489
14114
87094
40212
37404
37406
28223
40217
37409
28226
19044
63504
45140
63508
45142
80420
71240
62060
77618
5745
68437
59256
62067
85352
85353
76170
85357
76174
20111
17302
76177
20114
17306
17309
43408
34226
43409
57510
25045
25046
48332
51143
48335
51145
39152
51147
48338
8931
74432
8933
83617
65251
65253
2565
2567
65257
82175
7499
23307
14126
14128
37412
40226
40227
31045
31049
19059
45151
54339
86805
5753
71254
34232
43418
34235
60333
60334
66708
39161
51158
39165
39167
2571
74445
56081
65266
79372
79374
79375
82186
14132
23319
46601
37421
37422
19060
19061
31055
72704
19063
31057
72706
54347
54348
77632
80443
45169
80445
77635
86819
71263
62080
59270
5763
80447
71265
5766
85375
76194
76195
76196
34241
52609
43426
43427
66713
57532
48350
57535
48354
39172
60348
83632
48359
74452
65271
65273
56092
65276
8959
79380
82191
79381
32504
14145
23328
46612
72710
63530
54350
69906
63534
19076
54352
45173
86823
77640
54359
86827
77647
5774
59282
80458
68465
62095
68468
12409
85384
85386
17331
52612
52614
49805
49806
34250
43433
75904
60350
75907
51173
48364
83643
74462
74465
83648
65283
2593
8966
2599
32511
29706
32518
29709
23336
55803
23338
14157
14158
55806
31070
28261
19080
72721
69912
28264
31075
63541
72726
45182
80460
54368
54369
45188
45189
71282
5783
59291
77657
59294
68479
71289
12414
85392
35701
35705
49813
43440
43441
61809
25080
75911
25081
66730
25082
43448
66731
34269
57552
60363
48372
48374
51187
83653
8974
8975
8978
15604
23341
29715
32527
14162
32529
55811
14165
55817
40262
46635
55818
31081
69920
28273
81914
19091
40267
72732
28275
40268
72734
28278
54370
19096
31089
54372
63556
69929
54374
54375
54376
45193
77661
77665
12421
12423
35710
17352
61811
17355
61813
52631
52635
49826
34270
49828
66740
34277
57563
25099
57565
66748
51194
83660
74482
8985
15614
15617
38902
32530
41717
23351
41718
23354
37460
40270
81920
69930
81924
72741
40277
63561
69934
28286
54380
54382
63567
86850
54387
54388
77670
86855
80485
86859
18803
44904
20172
61821
17366
43461
43462
52646
43463
34282
75931
75934
57574
57576
60387
60388
83673
8990
74491
24800
83676
83678
74495
8995
8999
15626
41725
38916
41728
41729
23363
29736
29737
32548
14184
46652
55835
81931
40284
28293
72754
72755
54393
80493
80494
30804
30805
21622
30807
44910
44911
200
44913
35731
44918
26552
17370
20181
26555
35738
17375
52651
20186
49845
60390
10701
10702
60399
83682
15630
15632
24815
24819
50915
29740
32552
41737
23373
38929
14191
29747
55841
14193
32559
14197
40292
46667
72761
40298
81947
72766
30810
77695
30815
12453
18828
12456
44923
35742
44927
215
35745
26563
26566
17384
52660
61844
20197
61846
20199
61849
52668
43486
75952
43488
57592
66777
66778
57598
83694
83696
83698
15641
24826
50920
15645
41740
38933
41749
23383
29757
55851
46670
46675
37496
37498
81958
69966
72778
13905
86888
30826
21643
12460
18833
21644
18835
44934
12469
224
225
35754
226
35755
49862
17398
43490
66784
15651
32571
29763
23391
23398
23399
55866
46685
81960
55868
46686
81962
46689
81966
81968
13913
13918
86895
21650
18840
86899
30835
18842
21653
18848
12477
44944
26580
236
44949
26585
61862
49870
61863
49872
52689
75972
66791
66792
10733
66799
24844
50940
50941
50942
38952
29772
32588
32589
55872
55873
46690
55876
81970
81971
81974
72791
72795
81979
72797
72798
72799
18850
21663
30847
21664
18854
21665
44950
240
244
26592
35776
35778
26596
61872
26599
52693
75983
15672
24856
50953
50955
38964
29781
29784
41778
32596
29789
55884
81980
55888
81989
13932
13934
13936
30852
21671
30858
21679
44963
35782
44966
61882
10754
10757
15680
15681
24865
15687
38973
29790
50967
38974
81998
7107
21688
44972
44974
35791
44976
265
35794
35795
268
61891
61899
10768
10769
15690
50975
50978
41798
7113
13956
7117
30874
21697
21699
278
279
10778
38998
38999
30880
30883
18891
30887
280
283
44998
287
10781
24894
50993
50996
50999
2206
79001
13975
79007
30894
30897
290
291
10792
85006
10793
79014
13985
13988
5401
5405
2224
2225
79022
88206
13997
68100
68101
68102
68107
5418
68109
85023
85028
48000
48006
8600
2231
74105
2232
8606
8607
74107
88210
88211
54001
80108
68117
85030
48011
8611
8613
79042
54010
54014
54015
80116
5434
80119
68126
5439
85046
85049
48024
57209
8620
48028
8621
74122
2253
8629
2257
88230
79052
79053
88237
88238
79056
79057
37105
54027
5440
80124
5442
80126
80129
85050
17008
43105
3701
60020
57211
3707
57215
60026
48036
8633
83317
74134
79064
23001
79069
23007
37116
54030
54034
63219
54037
80130
86507
5453
5456
5457
17010
17011
17013
17015
17016
17018
43111
43112
66401
3713
57222
66407
57225
66409
48044
60039
74142
74143
2275
2277
2279
46303
6904
6905
63223
72406
72407
6908
72408
6909
54044
77330
77337
17023
17028
52307
57231
57232
48050
57233
83330
48055
8655
2285
2286
79082
23020
32203
32205
32208
23026
23029
37130
46314
69602
37137
69604
63233
72416
69609
63237
86520
54058
77341
80152
77343
80154
86527
80157
80159
12101
68167
5479
85083
85086
26217
52311
52312
52314
49507
49508
52318
66420
75603
3731
57240
75606
66423
60050
57241
75608
57243
57245
66429
48066
8661
2292
8666
74169
2296
29401
29407
46325
37143
46327
81602
72420
37146
69612
81608
69619
54063
54064
63249
54069
5480
86538
5482
80166
80167
80168
77358
12110
12111
12114
12116
12118
35401
85095
26222
17040
35406
17044
26229
49512
43142
43143
49518
75612
57250
66434
3745
60064
48072
48073
48074
57259
83353
8671
8672
83356
15302
15304
15305
29410
41406
29414
41409
32226
23044
29419
55513
46333
55516
78800
46339
6931
63252
78809
63253
81619
69629
80170
86546
80174
77365
21300
77366
21302
5495
68186
12123
5498
12129
26231
26233
61512
58702
26237
61513
49521
17058
43151
49524
43154
52337
75620
43156
84805
75622
66440
84806
84807
75624
66442
3752
60070
57261
3755
60073
60074
57264
48085
57269
83368
15311
8687
74187
41412
41415
32232
29423
29425
41418
32236
64704
64705
46343
37160
55528
81622
78815
78817
37169
6944
72445
69636
54082
6949
72449
86551
54088
68190
77374
80186
21311
21312
12130
80189
18504
44602
44604
35422
26241
35425
35428
70704
26247
49531
58714
26249
17067
58718
43163
49537
52348
75631
43166
84814
84816
75634
75635
75636
3764
57272
75638
24500
83375
8692
74193
8694
83378
74196
24506
8698
15325
50603
38615
32244
41428
29437
64716
23068
46352
64718
55536
78820
37173
78822
46358
69641
69642
69643
37178
78828
69648
6958
54096
77381
80194
77384
77386
18514
12145
21329
44612
44613
35432
26250
35434
44619
70712
26254
26257
49543
49546
75640
43177
75643
10402
57284
57287
83381
24511
83386
24512
15332
41430
38620
15339
50615
50616
38623
23071
32256
64721
55541
46361
64728
81640
81642
78833
69652
37187
37188
37189
72464
63288
21330
18520
27704
18521
77397
77398
12151
30519
21336
27709
53802
44620
12157
44623
35440
44626
35444
17080
26265
17083
17085
61548
58738
52367
75653
66471
84839
66475
10410
57293
3787
10413
66479
24520
83398
24524
33709
47810
47811
15348
50625
41443
32260
38635
38636
38638
29457
32268
73917
29459
32269
64736
64737
23089
46373
37192
55558
46378
72470
81654
69661
37197
78846
69663
13600
69668
86586
18531
30527
12164
18538
44631
53817
53819
35453
35456
67921
26275
70736
70738
70739
52374
61559
84843
84846
75663
3795
75668
3798
10425
15352
15358
41451
47825
41454
38646
38647
38649
73927
32279
73928
55564
46388
81665
69672
6983
72484
72487
72488
86596
36906
12172
21358
12175
18548
21359
12176
35460
44645
26281
26282
70741
26284
26285
70743
58751
49571
61566
61567
84850
52387
84855
66491
84858
75677
66494
16802
66497
66498
42900
33729
24548
24549
50641
47832
50643
41464
32283
29475
64751
46392
55575
69680
72494
81679
13622
69687
72498
69688
69689
13626
22809
13627
13628
27732
21361
36917
30545
36918
21362
18559
12187
35470
53838
35473
35474
70750
70756
52391
26299
49583
67949
49584
84860
49586
58769
49587
16811
75689
10445
10448
42915
33736
33738
24556
15373
24558
50651
24559
41470
38660
50655
50657
32291
32293
29483
38667
73943
41478
64760
64761
32298
55581
73947
29489
81680
81681
81684
69693
36920
13639
30551
36924
36925
27745
53840
18566
35483
70763
35489
61582
67955
58772
49594
84871
75690
49599
84875
16823
16827
42920
42925
33743
42927
24561
42928
33746
15380
33747
24564
15381
24568
41481
41485
38675
64770
41489
29498
73959
78880
78882
78883
78884
21381
30567
27757
53859
44679
70773
61592
61593
61594
70778
11905
11906
11908
84882
84887
42930
16839
42936
42939
24574
33758
24578
24579
50673
15398
38680
47864
47866
47867
38684
73963
64780
64781
78897
78898
22835
13656
36946
30575
27767
53862
21398
44682
44685
53868
67975
67976
58795
11915
84894
16842
16844
16846
42942
24580
24582
33769
47871
47875
47877
73973
38699
64795
22841
13664
30581
36958
18593
27777
27778
27779
18598
44694
53878
53879
44697
70793
70797
11924
11928
10480
10486
10488
24590
42957
24593
33777
24596
50691
24599
47882
22855
36960
27781
36964
36965
30595
30596
53880
67995
16864
10493
16869
42961
33781
42969
33787
73998
22869
27791
27794
36978
27795
53890
5102
16871
16872
16873
16878
42976
13693
22877
36985
11953
5111
11954
5113
5114
5115
16881
16885
16888
42983
42985
42987
8304
8305
22883
5126
42995
77004
77005
5135
8325
83008
83009
11980
11983
83011
8337
86200
77021
86206
5150
77025
77026
3416
66108
83025
8344
83028
8347
46002
46003
72103
86210
86213
86214
86217
5165
5167
52009
66110
3422
8359
46016
69300
69305
69306
77043
52018
52019
9803
3432
9809
83044
8367
29100
29104
55206
46029
81307
72125
81309
69319
86230
86234
86237
5183
5189
35102
35105
52020
52022
61206
49213
61207
9810
66130
66133
3443
3445
8370
15001
8378
8379
15005
41100
15009
1705
1706
46034
55219
81313
78506
6634
72136
86240
77060
5194
35116
58401
58402
49222
61215
49225
84500
49228
66143
66144
75328
3456
3458
3459
83065
15015
15016
38300
29120
29124
64401
64403
55221
29129
64409
81321
78514
81326
6644
81327
78518
72147
86253
86254
86257
77075
77078
77079
35121
44305
35123
4901
70401
52040
49231
70409
61229
75330
66150
66151
84517
75334
66157
83071
8392
24200
83077
8396
15021
8398
50304
50305
29132
50308
41125
41129
55230
55231
46050
55233
1726
46053
78523
6650
72152
72153
72156
72159
86266
77086
77087
49241
70417
67607
4919
49246
49247
49248
52058
52059
75344
24210
24211
83089
50311
50312
15037
15038
47503
38320
50314
41132
47506
47508
1735
64425
46060
46061
55244
55246
55247
46069
86273
86275
30211
77093
27402
86278
21031
18221
21034
30217
27409
18226
53509
67610
35146
4921
35148
61241
70425
61243
4926
61244
52062
52063
61246
52067
75350
52069
75351
75353
3482
3485
10111
33402
83097
83099
50320
47511
15047
47513
15048
29150
47517
50329
73611
73613
38339
64432
73618
1745
55253
64438
55259
78541
46078
6671
78545
6673
69364
69369
72179
13306
30221
86287
86288
27413
27416
21047
21048
53515
35150
35151
76800
44337
76803
35156
44339
35157
76806
70435
58445
52073
49265
52078
66184
66185
3495
75368
10127
33411
15052
47523
41151
38342
41152
56708
29160
38343
29161
82802
73620
73621
29164
73623
64442
73626
1753
1754
73629
87732
46086
78555
72182
69375
81369
13318
13319
86295
18240
30235
18242
30236
21053
18245
27429
21058
44340
35161
35166
4941
58451
70447
67637
67639
84550
49276
84551
49277
9870
52089
9874
66192
75376
9877
16504
10134
10136
16509
24243
24244
24245
56711
15065
24249
56715
47532
41162
29175
73638
1766
73639
46092
46094
78560
46097
81372
6690
81375
78568
6695
69386
22505
22506
6699
27430
18250
21064
18254
62712
21065
18256
21069
44351
62719
44353
53539
76824
4951
4953
67645
67646
4958
49282
67648
84560
58469
75380
84564
84568
75385
75386
16512
16515
39801
39802
39805
42616
33436
56720
65905
24257
47540
15075
65907
56726
41170
38361
38364
82823
29185
38368
1771
82829
64463
73647
81380
87756
81384
87757
19701
81389
22517
13334
69399
45800
13335
19708
22519
21072
59911
36629
62722
18265
59914
71908
59915
62726
62729
35182
4960
70462
76836
58471
70467
67658
4968
49295
61289
84573
9890
25703
9896
25704
84579
25706
10151
10155
39811
42622
42623
42627
24262
24264
65913
24267
65917
24269
38370
50364
82830
47558
73652
38379
64471
1783
64474
87760
55297
55299
81393
19711
81397
19716
22528
45816
27450
36636
21080
59921
62732
21085
62736
44373
76841
4970
70471
4971
35197
70474
35199
58481
4975
58484
70478
11604
4979
11609
84587
16530
84589
16535
25719
42630
16538
33455
65922
33459
50371
50374
73661
47569
38387
82847
1793
73668
1796
64487
78592
87776
19720
19726
31719
13354
45825
27461
30276
62742
71926
71928
59937
76853
76857
67674
4985
58492
84590
58499
25724
42640
10175
42647
24282
42649
33466
33467
56753
24289
50382
50384
82850
47576
82852
82853
50389
82857
82858
73675
13361
22544
19736
13365
27470
45837
36654
27475
62750
62752
18294
53575
44396
76865
4992
20802
76867
67684
67688
20807
11624
11626
25731
16551
10181
39840
51833
51835
33470
10189
33472
33473
51839
24292
24296
65945
50391
24299
56765
82865
73682
14810
14812
73687
73688
14813
14818
40911
40912
28920
40915
28923
19741
13371
31737
19747
22558
27480
36664
30295
36668
59951
71944
27487
27488
53586
76872
20817
34923
25741
16560
16561
16564
25748
10194
16567
39850
51843
39852
33480
42666
33483
42668
42669
33487
65954
82870
82875
14820
14826
40921
40926
31743
19752
40928
28936
19753
31748
22565
28939
13386
13388
27493
59960
71953
59962
53590
71957
59967
62778
53595
53597
20826
11646
34930
11649
25751
34935
25752
25755
25757
51850
16576
33492
51858
33494
42679
56783
65969
82881
56789
82882
82889
14832
14833
14836
14837
40934
28942
31752
19760
22570
22571
28945
28946
28948
22575
28949
31759
36680
13399
36681
45868
36688
62781
59971
20830
20832
20839
25760
25761
34945
25768
51864
42686
39876
56797
40942
40944
31764
28956
22584
19776
22587
11660
20846
11664
20847
11667
16591
25774
34959
25778
16596
16597
42695
42698
65981
65987
65988
65989
14851
14856
8019
40957
22592
28967
28968
71980
45888
71984
59995
11671
20859
11677
11679
34965
25783
25786
39897
65990
65997
14868
31783
28973
19798
20864
34970
34972
34978
51897
3104
3106
14876
40971
31790
31793
31799
11693
34982
3110
14880
14882
14884
14885
40986
40987
40989
20883
20884
34993
14890
14896
8056
14898
6312
69003
69007
919
20893
20896
75003
9507
3137
8061
8062
81000
81006
925
9510
75013
3145
8071
8079
1402
1405
1407
1408
1409
81010
81011
81013
6332
69023
78207
69024
6336
933
58103
9520
75024
84207
75028
75029
8084
8089
38001
1410
81025
69035
940
81028
941
6346
69037
69038
44007
58112
70107
58116
84213
84214
84216
9533
3164
8093
50009
38019
81030
6350
69042
6354
81038
954
956
44013
70111
67301
67302
67306
4618
4619
75041
9542
75047
3178
47203
64120
1431
73304
1439
78230
87413
87414
6360
78239
81049
968
27106
67310
70121
70122
67312
4625
4626
4627
58136
9553
9558
3188
47211
50027
38036
64130
64131
1447
87425
69062
81055
970
69065
13003
53211
53213
44033
53217
53218
70132
76505
67325
67327
58144
75065
33110
33111
33115
33117
33118
56405
82500
47225
38046
7823
38048
1450
64141
1451
73325
7826
1454
7827
73327
64145
1455
87434
78254
78255
982
13013
984
27121
27126
62404
62406
53228
70141
76514
67333
58150
70145
84251
84252
84255
84256
16201
84259
75077
16203
33123
42307
33126
56410
56412
50042
50044
38052
79701
79703
7831
79704
73334
73335
79708
79709
7837
73338
87441
1469
78263
87446
6391
69084
13020
81079
6397
13023
69088
22207
999
13029
36314
36315
27133
62410
85700
44052
53236
76521
67340
44059
67341
70152
58160
70156
70159
58167
58169
9581
9585
16218
39501
42313
42315
33135
2911
2914
47241
56425
47242
82521
79711
73340
47248
82525
82528
64164
64165
64168
87450
87457
87458
87459
13032
22216
45503
45509
71603
59615
44060
59617
44063
85711
53247
76531
76535
70163
70166
67358
4669
70169
84270
58178
58179
25400
9592
84277
75095
9597
75097
9598
25406
9599
16227
51502
42321
51505
39514
42324
39515
42327
42328
33145
2921
56432
56433
65616
47251
47253
38072
56438
47255
79721
79722
7850
47258
64170
64173
82539
1484
73359
81091
81095
22220
19411
81099
31409
22229
45514
36331
45515
45518
68801
62431
71615
53250
71616
71619
62437
53257
53258
44076
85725
85726
76543
4672
85729
70174
58181
11301
67367
58187
25410
84288
25414
16232
16233
25418
51515
42338
2931
33157
65623
33158
56441
47260
50072
47264
56449
82542
47267
82543
73360
73361
64180
1491
7866
79739
7867
73367
64184
64187
31410
87476
28603
31414
78298
45521
13056
13057
54707
45525
80801
80802
45528
68810
36348
36349
59634
68817
62446
85732
53268
76552
4680
4681
58191
4688
67379
84292
25425
25429
60705
39530
42342
39532
51525
60709
48716
48717
39534
48718
33163
42346
74812
42348
33165
39538
33168
2943
33169
74817
65634
56451
2949
82550
82551
56459
50087
7870
82556
79746
73374
64191
73375
14500
73376
14501
64195
87480
14507
87481
14508
28610
13062
54711
19437
45530
36353
27171
36355
27172
59641
68825
59643
85740
85742
53278
85747
67381
70193
67383
4694
20503
11320
76569
34611
34616
25434
48720
60715
39540
60719
74820
2950
74826
50092
56465
79752
7884
73385
14515
37803
22251
28625
19443
19444
13072
19446
63905
22257
22258
54729
36363
80822
36364
36367
62460
59650
62461
68835
27187
53280
59653
71647
53282
53284
53285
85754
85758
11332
11338
34620
25440
25441
25446
57912
60722
16266
57914
42360
57917
51548
51549
33184
39559
33187
2963
56470
65654
33189
56475
47293
82571
47296
82574
14520
23703
79769
7897
23705
14527
40620
14529
40625
22261
19451
37817
63910
28635
13080
63912
63913
31448
31449
22267
63917
13088
36371
54739
27190
27191
62470
68843
59660
27195
36379
27196
71655
27197
53292
71659
76581
20520
85769
76588
11342
11348
11349
16275
57924
42370
48745
60738
33190
42374
42378
33197
74847
2974
65665
56482
65667
56487
82584
79776
79778
14535
23719
14539
19461
31454
19462
63921
63922
31457
28649
19466
45560
19469
45563
13098
13099
54749
36384
68850
71664
62484
62485
62488
85773
76593
85777
85778
85779
76596
26904
20533
20534
26908
20538
16285
48751
60747
42384
48757
74853
42388
65673
2984
74857
65676
2986
23720
23721
32904
82597
14540
23724
14546
23729
40641
37831
63933
31468
31469
45570
36390
45575
36392
71670
36396
36399
62493
62494
59684
71678
59688
85786
17730
85789
17731
17732
20544
26918
20545
43834
34651
43836
43839
60752
60753
51571
39581
39582
60758
42394
74860
42397
39589
32913
79797
32917
23735
14558
40652
31470
28660
40653
28662
31472
19480
28665
63940
37848
22292
19483
22295
19487
22298
80860
71681
80867
12812
12816
85792
26922
85799
25483
34667
25489
60765
48773
51583
74870
74871
51589
39597
65690
74874
74879
65699
32921
14565
31482
37857
40668
54771
63955
63958
54776
71690
45599
71692
71694
68885
80878
71697
12823
12825
26931
20561
11382
17755
17756
43855
34674
34675
34677
60772
57963
51592
51595
60778
32936
14578
40675
37866
28684
31494
37868
63962
54780
31498
63964
31499
54781
80882
68897
12834
12838
20571
20577
11399
34687
48792
57975
57979
74893
74894
14583
14585
40680
40682
37877
54791
63975
54795
80897
6000
12844
12845
12847
6007
17771
609
26957
26959
17779
43874
34692
34693
34696
60791
57981
32952
23772
14591
23777
40690
40692
37883
40694
37886
40699
63982
12852
12853
6011
12857
611
6019
26961
17780
20592
20597
17787
17789
43885
9200
23782
23789
37893
37894
37895
37897
37899
12861
12864
26971
626
43897
9217
32972
32979
23797
1103
1105
1108
12873
12878
26980
26987
9221
9227
1113
12880
6044
12887
26991
26992
26994
649
26995
32990
1129
87108
12896
651
653
67004
67006
67008
9248
7501
1135
1137
6060
87119
4320
4322
67016
67017
7510
1141
1145
87122
87123
87124
6079
76206
4333
67027
67029
9268
56105
73024
7526
6082
87139
682
36005
36007
62107
67032
76219
42007
2600
56110
2609
56117
82210
79401
79403
82213
73031
1160
7538
87140
6098
36010
698
62110
59300
59302
59306
62117
59308
85402
76221
4351
4352
76225
4353
4354
76229
42010
2610
65300
65302
56120
65306
2618
