9794
14201
9796
2237
17588
15900
8514
13810
1840
16300
20567
1847
20569
4331
11725
11726
19683
19686
19687
10031
15917
8529
18404
18407
6437
1853
20579
11731
11736
11739
14226
19691
2252
12137
10040
8534
15925
10043
15928
6442
20581
6447
16328
11748
11749
8540
10054
8548
15939
20591
6458
20592
1872
20599
16335
4368
21408
14249
10063
10064
6461
13853
6468
11769
21414
14254
12169
10070
8565
10074
13867
1892
4382
14261
21425
2709
2298
2299
3103
3105
3108
524
15969
3994
3995
10089
1012
4802
16367
4392
11782
11785
11788
2715
8580
8582
10092
8586
8588
10096
15979
6906
6907
18466
18467
1029
13885
4818
11792
11794
21441
11798
5212
5213
5217
5218
12192
10515
3129
18471
13006
547
6914
18474
1033
13009
6918
9403
16384
4826
14706
2732
5226
12617
15993
553
6922
18487
9410
16803
9417
16807
16390
4835
16396
4838
7321
7325
14717
2747
17206
5233
12624
12626
15115
15117
18900
18902
6930
18907
18491
566
6934
6935
1053
9420
1057
9422
9424
19307
7337
17211
2754
12638
3151
10543
10546
3157
10549
18917
13036
1061
13039
16820
9437
16827
2763
12644
20202
6950
1071
589
6957
1078
4860
19320
19323
21900
14742
14743
14747
21493
2774
17234
21499
2779
13051
20213
592
18937
597
6965
9452
4873
21910
19337
2782
2785
17248
5275
5276
5279
12669
15151
15155
15156
1502
6978
1097
16856
9469
16859
4887
4888
7370
7372
7378
17255
5286
3600
15167
3195
13071
1515
13075
1516
1517
20239
1518
13079
6987
4004
9472
9476
4890
14771
19359
21935
14775
17260
5702
5704
12681
12685
3614
3618
6108
18964
1527
11400
6996
11401
6997
6998
9482
19365
21941
7390
21942
14781
7396
7398
5712
5714
8200
12691
17279
8205
12699
13501
6113
13505
13090
18972
13092
20257
1537
4024
4026
9492
16883
11419
7810
16889
21950
19376
14792
21957
5727
8210
15605
8219
3633
6122
6126
18981
13518
1545
16002
20267
16003
4033
11425
16899
19381
21964
21969
17292
17297
8221
15610
15612
18104
3649
6138
1556
18998
11430
4046
17710
5740
8235
3655
18116
1560
6149
20283
13538
20286
1568
11440
4052
9935
16029
11443
4056
19811
4059
19813
19816
7842
19818
7846
21984
5759
15632
20700
9943
11451
9947
19820
11459
19827
21991
21993
5765
3671
202
203
18136
6163
13556
6168
16040
1584
9957
11464
9958
11466
9959
19833
17742
5772
17748
15650
15658
216
6170
13560
18147
13562
20725
20728
13566
16052
4083
9966
11474
4087
19845
5785
15661
15663
8279
18150
224
6180
20733
20735
20739
9971
11488
7884
7885
17760
5793
10201
15671
8287
15679
18160
13585
13587
4514
7007
2421
19866
21148
12302
17770
17775
8295
240
15688
6616
13594
9106
11911
4524
14400
7012
19870
19875
17782
12319
17785
8718
18185
20761
6627
9113
20767
9116
16090
16091
16092
11925
4536
2440
2446
12328
17798
8721
6631
6634
269
18195
9123
16513
20778
9128
9129
4542
19001
11934
14422
7036
21173
14429
19898
21178
19899
8731
10240
10241
8737
10245
18611
18612
9136
19012
4556
19019
14439
2466
18626
6652
286
20798
9146
4563
4567
4568
19027
19028
21190
2470
21608
21192
2472
22008
8757
10268
18634
18635
294
6668
11963
4575
11967
11969
21613
14453
14456
21618
2482
12361
12362
12365
22010
22018
10272
8765
711
713
18643
9165
9166
7075
14467
2492
2498
22027
8772
10282
722
18651
6683
16561
16562
16566
4591
11983
19055
7086
7089
5404
5407
22030
22031
22037
3319
8785
8787
737
1225
1226
6694
6695
16574
11991
21640
19066
14480
2921
7509
2925
5410
5412
10710
3323
3328
743
747
13209
9602
9605
11114
9190
9198
16587
9199
16589
14901
7514
2933
14493
2935
21659
14498
12811
5425
5429
22052
3332
3338
10728
13215
754
13217
13219
11122
11123
7520
7527
19087
21663
12829
13227
13228
18696
18698
9620
9622
11130
9623
11133
11136
19503
7530
19090
21672
2955
21679
3352
3353
3355
10744
13235
9633
19513
7545
14934
5454
3361
3365
10755
10759
13241
1273
1275
9643
11152
19520
7550
19528
21697
2979
12850
5468
3371
3375
20410
20412
797
11163
19531
19534
14953
2980
14956
2989
17448
5477
12867
15354
10770
10771
3382
3385
3387
10776
1705
1709
1298
11172
19540
19544
14961
2995
17458
12875
12879
10780
3808
1710
13270
9673
11180
11182
19551
19554
12884
12885
5498
12889
15375
6301
10793
20440
10798
1723
1725
20448
4214
11607
4218
11195
19560
7590
2125
7592
7596
12001
14986
17472
12891
8406
12897
3827
13702
20454
1735
14102
14104
9699
19570
19573
2139
14995
12012
17486
5929
3835
15395
13710
6324
1741
16204
11627
4239
14114
14117
19587
19588
2147
19589
12022
17491
12027
17492
17494
12029
15811
8427
8429
18301
18305
13723
13727
6339
20473
20478
16219
14120
14124
2151
14129
19599
12034
12037
8430
15828
3858
20484
1768
11641
4255
11646
17920
17924
17926
5954
12049
5956
15834
15835
8448
15838
15839
3868
18326
13747
16230
16231
16233
11650
16238
4264
11653
14146
12052
5960
17938
12058
20914
20918
13756
1785
21310
21316
17942
14
5971
5977
8464
8469
3884
20925
20926
13764
1792
16255
16257
4281
4284
11674
14166
2609
17952
21
12073
27
5983
12078
12079
5986
3893
18350
427
13771
13777
16265
16266
4708
11683
4298
21330
2610
14170
14172
2613
2615
21339
2618
2619
17961
17962
5997
8480
15872
8483
15873
15877
435
6807
18366
6396
11691
16278
7208
11699
7209
14184
2627
12092
17976
8900
17978
3020
8902
3027
8492
15884
8498
445
18372
20950
13793
20955
13794
20958
4722
16282
4727
16287
14605
2630
2633
14194
5126
5128
5129
12518
15002
59
15891
15896
452
15898
18380
6823
18383
457
20969
4732
16297
14614
14618
12529
67
15016
6830
6835
9320
18398
20974
9321
9323
9329
2651
17115
21379
12531
15026
8932
3051
15027
477
9331
16728
4753
7242
19219
14633
14637
2663
17122
10456
3069
10459
480
481
20994
9343
20997
4760
16738
4769
21393
2673
90
91
8951
10464
10465
6867
6869
16746
4771
4772
19231
4777
21810
19239
7267
2684
2685
2686
5171
5177
12569
911
10479
1402
18848
6879
19240
21827
14666
7278
14667
17154
12573
12576
3506
8972
15066
3508
3092
3095
922
927
1417
9371
21830
19258
7284
21836
5192
5197
15070
3512
15072
8982
10908
932
18860
20142
18863
20143
6894
11303
11304
9381
9384
16773
19261
19262
14680
21844
14684
8101
10913
3525
10917
6010
6015
20150
18870
13407
1433
9803
11314
9391
19270
7719
21854
17183
8116
10923
15093
10926
13412
13415
18885
1446
9810
20168
9813
11323
7723
19284
7727
21863
21864
17600
5632
17608
5633
5636
18005
965
966
20175
1456
18899
1459
11334
19291
21877
8131
18013
18014
6044
13436
976
6049
11344
21880
5656
5657
5659
15532
8144
15535
15537
8149
15538
3567
18028
6052
981
6055
13446
20193
1472
9846
9848
21000
11357
7755
17635
17636
5667
8154
8156
8159
15548
15549
10962
3577
3578
13450
20612
992
996
20619
6068
13459
1488
11363
19733
21016
21017
17641
17649
3581
113
15558
18043
6075
6077
1493
11371
9864
9869
21021
11378
19747
7774
7776
7778
17657
5687
15563
8177
3590
121
3591
124
15569
18050
10985
3599
13470
18057
1913
13479
4402
9870
4408
9878
21032
19752
11389
19756
17665
5690
5692
17669
5694
15573
131
10990
135
20640
10997
18065
13481
18069
4410
11801
4413
9881
21041
21043
2323
19765
8601
8606
8608
15581
8192
15583
142
15588
145
6512
146
147
6514
6515
13490
13495
20659
9007
13498
11814
9895
19771
21051
21053
2338
17685
17686
8611
15594
15597
153
18081
156
157
13914
13915
18085
6529
16406
4432
14312
19781
21065
21066
2347
12222
18503
163
6532
18092
18094
18097
18098
9020
13929
20676
16413
20679
14321
19794
2355
19798
12230
8631
8632
6540
18518
6545
179
16422
16423
4456
14331
14336
12240
12243
8642
8648
10159
18522
18526
6550
13940
188
9042
1974
4461
21503
21506
10164
10165
10168
195
18539
16443
9056
16448
11865
21514
2387
10172
8665
610
10179
18543
13968
16456
9069
11875
11876
21523
14362
14367
8670
10183
8676
621
18550
10189
1112
13972
1119
6587
9070
4490
9079
11889
14376
14378
5306
12283
3217
3218
8684
18560
635
637
18565
6594
11006
9083
11008
11892
2820
2824
21547
3221
10611
13105
646
18574
13995
9505
13996
16484
14800
14802
14806
2833
15207
1145
1146
1148
1149
11020
4930
9518
4931
21561
17307
17308
5337
1150
665
668
1153
9521
11032
9529
4946
19407
21572
2854
17314
12730
15224
10648
13131
13135
676
11041
9535
16927
19412
11049
19414
14833
7445
21589
12743
12747
15237
13141
13145
1174
9546
4960
19423
7455
21591
14848
5361
12759
20314
695
20319
1181
1188
11063
16949
7464
14856
7468
10670
20324
20325
1604
1605
1607
13167
1192
9562
9564
19440
7471
14862
14863
2009
7476
5381
12774
3700
3703
3707
10683
3294
3295
10685
13172
13173
13174
1616
20337
20339
4100
4108
16967
19450
4993
4996
7483
14877
17363
5395
3715
15278
6204
13180
1623
1628
16970
4119
16974
11509
16976
9589
7903
14881
19469
14885
5819
8301
8304
3724
15289
13604
13607
13609
1634
13194
13195
13196
4122
14005
2039
5820
17380
17383
8312
15704
15706
3732
3735
13611
13613
16100
1644
11522
11523
11525
11527
16999
7921
2041
19489
2049
17803
17805
5838
5839
15711
3744
20370
1654
16114
1659
16117
14021
14024
19490
7933
2055
19497
17813
5844
15720
15724
8335
8336
13630
6246
1664
16124
4152
14032
14039
2067
2068
5850
17827
5852
15733
8344
8348
20800
18225
6252
13644
11551
16139
4169
11559
19923
21206
19926
19927
14048
7958
2078
8354
8357
8359
3774
3775
3777
18236
13650
13653
1682
13658
16140
1686
1689
4171
11561
16149
21211
14050
14054
14056
2083
14059
7969
17848
5876
5879
15752
18243
18248
18249
16153
1697
14060
14064
17850
17853
5880
17856
5882
5886
8371
320
15768
18250
324
326
18253
13670
6285
13674
4607
4190
11580
21231
2513
21237
5009
5893
5896
8381
330
8386
332
6705
20847
6298
19960
21241
21242
7109
19964
14087
2529
5012
12403
5019
12409
10312
8806
8397
15787
18270
347
348
13690
16181
16184
16186
7112
7115
7119
19974
2536
19977
19979
2539
14098
14099
12411
17880
17888
10320
8813
10327
6720
6722
18284
20863
9216
16193
4639
16199
14514
7127
14516
14517
2542
19983
19985
17001
19987
17007
17898
8821
8824
10332
10337
362
18707
20872
20873
6739
16610
16611
16615
4640
7131
14526
19991
14527
17010
2556
21278
12436
10344
377
378
379
9236
7145
7149
2565
17028
5056
12445
12448
10355
6755
20892
9240
9248
9249
19122
19129
2573
17032
5068
5069
10363
10364
20011
18735
20016
394
18738
6763
396
9253
21712
14550
21719
7169
5079
8863
8864
810
18740
815
1302
20023
20029
9265
19145
21727
21729
5080
12473
5088
3403
3405
6780
6785
16660
4690
16666
9278
4691
21730
19155
19157
7182
19158
21734
14576
17062
17065
17067
12482
5094
12486
10800
3418
10808
20040
837
18764
6790
6792
1329
16672
9284
16675
7194
7199
17071
17074
12907
12908
12909
10813
8898
1334
18778
9290
9707
16688
7617
17084
12916
12917
17087
8015
10822
10825
855
13319
1344
20068
18788
9711
1349
9713
11227
17500
17508
17509
8023
8027
10830
10836
10837
13326
18795
1355
20078
9721
9723
11234
15421
15429
3455
13334
874
13335
1360
13339
1364
1367
11240
9737
11245
19613
17528
5557
12947
15434
15439
10855
10857
13340
20503
20504
20508
886
887
9740
11251
19622
7654
7658
21793
21796
5560
12955
5569
8050
8051
15449
892
1380
1381
9754
11268
19632
12960
17548
5574
12967
12969
10872
1800
1801
13368
19640
19646
19648
3900
15460
15461
15463
8079
3909
1811
1816
13379
9778
2215
7687
17569
5596
5599
10005
3911
8085
8086
6400
10892
10896
20544
20548
4311
11701
9784
9785
9788
9789
11298
7694
17578
12996
3924
13803
13807
20554
13392
13809
1837
11710
11711
