87444
52023
68694
106114
80586
77770
90682
30942
40961
94668
78207
90215
4615
120752
21238
56426
77810
45778
29493
65502
49965
43572
9428
47323
65575
941
31499
125907
61542
87822
30584
108425
40289
117224
118411
56466
109026
83518
7508
114396
41646
45651
13703
114533
96639
11489
49985
5485
73010
101718
52707
85076
82418
55819
47764
4387
51165
110653
98068
94384
54730
16663
40160
106140
5348
60939
17658
118920
32370
346
78169
97889
90499
100727
128638
99270
10224
101775
90735
16199
61583
83680
8011
67199
33321
3356
38340
106730
64082
128454
96728
121536
41594
98799
35108
83335
107912
103170
120197
85607
114487
4461
63176
122213
43220
6630
55969
52676
28698
23102
33330
15380
28060
121157
89768
85125
114243
19584
127226
66671
92972
54041
80787
63421
93848
8652
106878
59584
19792
117002
109666
90577
51564
82781
121078
116222
6915
68708
93936
85310
56894
111394
78486
102332
25890
40500
65245
17511
63175
115039
204
47207
85294
61660
14006
8282
73025
20344
104797
121859
28512
112005
66795
19120
42977
24521
27836
9641
90452
25391
104488
88305
121531
67952
19868
40558
11653
101445
14974
57320
70209
80984
38015
25787
24340
37610
122221
111765
34644
86933
85632
113224
117517
120234
18582
35699
29742
122987
78858
52166
94754
89827
84257
78140
125657
15428
107367
2151
43383
81007
43054
64102
98999
114493
15607
41149
85216
9547
61040
81212
101284
31558
67917
46138
57825
80049
13679
34881
35544
92600
71916
92637
78737
1102
3724
82681
11823
50248
114855
6068
64509
81685
111699
48824
88000
55591
85881
62607
87623
21246
96562
73104
29748
84651
28444
105805
26246
112153
100646
24021
35589
95827
59195
91327
95700
22364
95628
26545
120391
59935
120137
126855
694
98065
59985
104638
104737
46429
73608
73297
8877
66874
53717
91577
88005
94217
63526
20944
36060
60992
54524
4350
92092
11583
48858
114395
111707
92689
106166
14584
62207
123452
48636
65509
97046
120013
78816
98180
72847
66627
11348
30143
43564
62890
110855
118160
84684
15181
102570
103680
91925
3641
61513
82970
125841
95243
69030
90550
68637
97470
77782
16028
121351
96646
80801
127670
75224
41890
79037
65738
43451
97152
125300
74895
43748
97982
71520
33801
39087
56185
65792
112325
59242
128288
61572
126611
60891
36705
36224
30316
102246
101455
81690
5104
58525
78844
117485
7315
11639
33790
56829
64953
127809
27111
58561
66819
16629
54350
18355
98555
100113
122414
56924
29393
35061
48094
74601
52397
119412
66770
93069
47982
1729
72164
27216
59735
855
4328
35235
117812
72805
15128
69140
102573
47624
100246
125850
26361
126964
75833
68919
68867
32952
9393
73278
46003
75112
99693
3780
18620
37989
88647
83473
104665
109674
40931
26296
127907
50553
20359
76448
68962
17062
52404
83932
118691
66847
115949
101027
60364
35546
35291
7039
53477
66707
81256
30536
3767
52386
125712
32964
90298
30279
109553
118578
38008
113057
41338
33211
31415
48626
18403
81216
10640
1871
79453
113015
83112
92662
52823
91871
10871
40339
101528
111555
60193
98518
68801
61735
27750
83974
29529
98713
87046
82739
68073
120433
94503
120630
98990
63739
84054
45856
39758
85980
117684
45488
127311
93751
58134
109074
32916
118530
58673
41331
54320
85584
8237
48959
81210
75073
39386
8086
37402
5809
87999
88043
51474
103535
72535
124818
22936
101670
41742
42254
48813
32993
59912
118643
125817
57185
93378
4680
7229
73043
