7542
1174
1178
19105
19107
45200
19108
45204
45207
0
25103
9295
9298
25107
25108
25109
51207
39216
39218
7550
19110
19118
19119
45214
36033
36035
11001
25118
39223
42034
48409
39226
51219
2636
1190
1192
19125
19126
31119
45220
45224
36042
36045
4386
11011
11014
11015
11017
25122
42041
39232
48417
39235
2646
2647
7577
14203
40302
40303
31120
28316
19134
31127
19138
45233
5832
36058
5836
5839
11025
11029
25134
25137
48421
42054
39245
39249
2657
2658
7582
7583
14213
14215
14216
31131
37504
37505
31133
28328
28329
31139
45240
45243
36063
45248
45249
17400
17402
20218
20219
43504
34322
34323
25141
25144
48430
51241
48432
51242
51243
51245
48438
39255
42066
42069
2665
23403
23405
14223
14227
14228
31141
40325
28335
37518
36074
5850
36078
11040
17414
20226
17417
17418
43517
34337
51257
2677
14230
14231
23418
37520
46704
31156
19164
31157
31158
19166
5864
5865
43525
34349
48452
51265
48455
48458
51269
42086
39277
39279
23423
14241
23425
32608
14243
23429
46712
14248
40343
31162
40346
46719
31165
19173
31167
19174
45271
12500
12507
26610
17430
26615
49905
11069
25172
34358
25176
34359
25178
42092
51275
48469
42098
39288
2695
32613
14250
23434
29807
14253
23438
46720
14259
46727
19181
5882
5887
35803
35807
20253
26626
11070
43540
11075
49915
34362
49918
34367
34369
51280
48471
39290
51283
48475
48478
48479
15700
41805
29813
29814
23443
29816
46731
37552
46736
46737
31181
37555
31186
19196
12520
12523
17451
49921
49922
20269
49927
34373
34376
34378
51290
51297
32630
32632
23450
23451
29824
32635
14270
23454
29827
14271
23459
31191
28381
46747
31197
21710
21711
21712
21714
12532
21717
12535
18908
21719
26641
20274
11092
26649
43560
49933
34382
48495
48499
15720
24906
15728
41825
41826
29833
29835
14280
23464
23467
40380
37571
28391
46758
37576
28396
21721
21722
30906
12541
30907
18915
30909
12545
12548
35831
35835
43574
43579
15737
29841
29842
29843
32656
23475
14293
14294
37584
37587
40399
21734
30919
35843
26661
35847
20292
26665
17482
26668
43580
49955
43589
10815
24927
24929
32664
41848
29855
29856
32669
23486
46774
37591
37593
37595
30920
30922
30927
30928
12564
21748
18938
12566
35850
12569
325
26675
17492
17495
43593
43598
10829
15759
41853
32670
41854
32676
23493
29868
23499
46783
46788
30932
18941
30936
21754
30937
12576
331
333
26684
26686
26688
49971
49975
24942
15762
24947
15765
15766
29870
29871
41866
32683
29873
29876
32688
29878
30943
21761
30944
12580
18953
18956
30949
21769
12586
26693
35877
349
26697
49983
10840
10842
4004
10846
4005
24954
24959
15777
15779
29881
32693
29883
30952
30955
21774
21775
12594
352
35883
357
49995
4010
10858
24967
41880
41881
29891
30967
361
35893
35894
35895
35896
10864
4024
4028
24973
41899
7212
30972
30973
21793
30977
18985
21798
10878
24981
24984
24985
7223
7224
18991
30984
380
386
388
4042
2301
2303
7232
30991
390
393
10891
4050
10894
2315
5501
5506
4061
4065
2321
2326
8705
8709
2336
2338
7260
7261
7269
28000
4080
48117
2342
2346
2348
7273
7278
40003
28012
40006
40007
28015
5538
34010
34019
48123
2353
2354
2356
8729
2357
7287
7288
40010
37201
17103
17106
43201
43202
43208
3803
34028
3805
48135
8734
8735
23102
23107
37212
40026
28039
5550
5552
5554
5557
43210
3817
48143
8746
2376
2377
2378
2379
23116
37220
40031
46404
46405
37222
28040
40033
37224
40034
37228
40039
5561
5563
5566
52400
26308
43223
3820
34046
3824
3825
3826
48157
8751
48159
32300
32307
32308
23129
40047
12200
5578
26310
26314
26318
52411
52412
52413
17139
34050
52419
34055
3833
8763
8765
8767
32318
23138
46422
46424
37242
37245
28063
37246
37247
40059
5580
12211
5586
5587
12218
12219
49611
52422
52425
49618
34063
34065
43249
34068
34069
48176
8770
8774
15401
41503
46435
37253
37254
28075
28076
21403
26333
35518
17153
49622
49623
52436
43259
34078
3854
3856
48185
8782
15410
8785
29522
32334
41517
23152
38709
23153
23154
23155
32339
23157
40075
46448
37266
21410
18604
21415
21418
12235
21419
44703
52440
26348
49633
49635
49636
43264
49639
34084
34087
34089
48193
48197
8790
50701
41520
15429
38714
50707
41527
23161
23163
32349
23169
46452
40083
28092
40085
37277
28095
37278
28097
30603
21421
30605
18617
12247
12248
35533
26352
35536
35537
17171
26355
17176
17179
43272
34090
52457
49648
34093
3871
43279
34098
10501
10503
3879
10504
10508
24612
41532
50715
32350
50717
32353
32359
23178
37282
37283
37286
40097
27801
30613
12252
18625
12257
26362
52462
52464
43288
3881
10511
10515
24622
33807
33808
24626
33809
47911
15447
15449
47916
50726
32362
47919
32365
29559
46470
46476
37297
13700
13702
21440
27813
27817
30627
21446
12265
26371
17193
17194
52470
52471
52477
43295
43299
3895
33816
24636
24637
15458
47925
41553
38744
32372
23190
41556
38746
50739
41557
23192
38749
32378
23197
46486
13711
13712
13717
13718
30632
30633
27826
30637
12272
21457
12275
21459
12278
35560
44745
26384
49676
16901
16906
10534
16908
24643
15462
15464
24647
47931
24649
47934
50747
32385
46491
46494
22903
13722
30640
30642
18650
18651
12281
21466
21468
35572
44758
26394
35578
26395
52492
49685
52498
29580
50756
50757
32395
29587
22910
13732
22916
27840
30653
21471
18665
30658
12297
44765
35585
16921
10555
16928
16929
24660
24662
24663
15481
33848
15485
15486
47953
47955
41583
50769
41589
22920
22921
22923
13742
27852
27856
18673
18674
18676
44772
44775
44776
44779
35596
16932
10562
24673
24678
50770
50775
41593
38785
41596
41597
41599
22930
13750
22935
30671
27863
27868
18687
18688
21499
44787
16943
33866
33868
47971
50788
13766
30682
27875
30688
44791
10588
33871
33874
33875
24692
24698
47984
2002
27881
27882
30696
30699
16964
10596
16969
33880
33884
33886
33887
33888
47992
47993
47997
2013
27896
27898
5204
5208
16974
2020
2021
22970
13791
22977
22978
5211
16982
8401
2033
8406
2034
22980
22985
8410
2044
8419
22992
22993
22996
22997
5232
5233
5238
5245
5246
3503
2068
5253
3517
8442
2072
46103
46105
46107
46109
5262
5264
5265
26001
26009
52102
3520
3525
8452
2082
2084
17
32004
32007
32008
46117
5276
26014
9901
3530
9905
3539
2091
2094
2095
28
46123
46127
6721
5285
35201
26024
52128
3540
3541
8474
15100
8478
8479
41205
32022
32023
39
29214
32025
29217
1807
46133
6735
5290
21100
5296
35211
35212
26032
49320
52133
52138
49329
9926
3554
3555
8488
15114
43
44
41214
47
41216
32038
32039
1818
6743
18300
21113
44403
35221
26044
26047
26048
26049
49335
49336
9931
3560
9936
3567
8490
8491
24300
8497
50402
38410
41223
38414
32046
29236
29237
1823
1825
30300
44411
44412
35233
44417
44418
26059
52153
49344
52155
49347
9940
9942
9945
9947
3575
9948
3578
10207
10208
15131
60
50410
32050
50416
32051
47608
41236
29246
1835
46160
46161
46162
6764
30310
21130
30314
30316
27508
21138
44426
26063
49357
3583
3587
10214
24320
33503
33505
15140
24324
33507
47610
15145
24329
71
38430
74
47615
32060
32061
41246
41247
29254
32065
1844
13400
27514
18334
27518
18339
44432
35251
35256
52171
52172
49366
49367
3592
3594
9968
10223
24331
33515
80
81
50434
50435
32075
38448
29266
32079
46182
46186
6782
6787
13413
27520
27522
21156
35260
49376
49379
42701
33520
10239
33523
33524
33525
24342
42708
33526
15166
24349
47632
95
38454
32083
32085
29278
32089
29279
1865
46199
22600
13421
13427
36711
36712
27531
18350
36718
30347
27539
44455
26098
52198
9986
9987
9988
39900
42714
50452
47643
41271
47645
41273
32092
38465
32093
29284
41278
41279
1872
13430
19804
22619
13437
36720
36721
36723
45907
30355
30357
27548
27549
44460
21179
35282
35286
9991
25802
51900
16625
51901
51903
10256
51905
33543
33546
33548
33549
47650
50460
15187
38471
47656
41284
47657
50468
50469
41286
38476
38477
1882
22620
31804
31805
22625
19818
22629
19819
36733
21181
27554
30364
36739
27557
30368
44472
44479
35298
11703
11706
11709
10261
25819
16636
42730
39923
42733
33552
39926
51919
42738
24374
15191
24376
47661
47662
15197
50472
47665
38484
47669
38487
1891
1895
31810
31812
31813
19824
13453
19828
13458
13459
36741
45925
36745
45929
21192
30375
27566
30376
21199
44481
44482
44485
44486
25825
16643
51923
42742
42744
24381
42748
24389
50482
38490
38494
38495
14905
14907
31820
31822
31824
22645
45934
45937
30385
18394
30387
18396
18399
20905
11723
20909
11728
16654
51932
33570
51939
33575
47681
50491
50492
22651
22654
19849
36760
30390
45948
36768
30399
20911
11732
11735
25844
16661
25845
16662
16664
39950
39953
39954
42767
47696
14925
31840
22660
19850
22667
27590
36774
27598
11742
11744
20929
39962
42772
51956
39966
39969
22671
31857
19864
31859
19866
22678
45961
13497
20931
20933
20937
16687
42787
42789
14941
14944
14945
8104
14946
31863
19872
19876
22687
45970
36790
45975
36795
20945
11769
25877
16694
25878
39980
39981
51977
42796
42798
39988
14956
14959
8117
31873
22693
22694
45980
20953
25880
51986
39993
39994
39999
8122
31880
31884
19893
31889
45990
19899
11787
25890
25893
25897
51990
51994
8130
14975
8135
14977
14978
31892
31895
11799
3216
8142
8145
8147
20987
3226
8151
14995
14999
8157
6418
20991
20997
49000
9601
9602
9604
3238
8161
8165
49011
49013
49017
9610
49018
9611
3240
3249
8173
8175
1501
1507
1508
6430
6433
6437
49020
3255
3258
8180
1510
6440
6443
6447
18006
44106
49030
9635
3265
8192
24001
8195
8197
24008
38111
1520
6458
30001
4713
49049
9643
3276
50112
50114
47304
38126
1530
7903
7904
6465
27204
30014
30016
27208
30019
18028
4727
3284
3285
9659
33202
50120
50123
47313
50124
1547
6471
6473
6474
13105
30027
27218
18037
18039
44134
44136
44137
44139
4732
4735
4737
4738
49063
49069
3295
3299
33214
33216
50134
38142
50136
1552
1554
6480
6481
13114
13116
13118
30032
27223
18040
18041
27225
30036
27227
27229
18048
4740
4741
4745
49075
9671
49079
9677
16308
42406
33227
50142
50144
47335
50145
47338
38156
6493
22301
22303
6497
13124
36413
27233
18050
27234
18051
36418
18052
27237
44156
4751
4754
4755
49087
16314
16317
39601
33231
42417
50150
47342
38160
7942
1575
7949
1577
1578
22313
22314
13135
13136
45603
45606
36426
18061
18062
27247
27249
18066
44164
44167
4767
4768
49096
9690
9693
9694
9695
16326
39611
39614
51609
39617
42427
33245
33246
47351
50166
47358
7951
7957
1586
1587
31500
19516
13148
13149
45615
30063
30064
36438
18073
27259
44170
4771
25510
16334
25519
42431
48807
48808
39626
24070
24074
33257
33258
24076
50176
7961
50179
38187
1591
1598
28701
31512
28703
31514
28704
22335
28708
19525
19526
19527
13157
36440
27264
27268
18085
30078
18088
44182
11410
4785
11419
34701
34702
34703
34705
34706
16341
16346
48813
42442
39633
33260
42449
33267
33268
50186
38195
7970
7972
14608
40702
28710
40704
31523
28715
19532
31526
19533
28717
22348
45631
19539
36455
30083
27274
36458
30086
27277
30089
20601
4794
34711
16350
25536
48820
42450
48823
33272
33276
24094
33278
24097
24099
50192
47386
47388
47389
7981
50199
7984
14612
40712
37903
28720
37906
19540
28725
19542
19544
13171
28728
19545
45645
45646
27282
36465
36466
30097
27288
11431
11433
17809
11437
16363
16364
48831
48835
51647
39659
47396
7990
7997
14624
23808
14625
23809
14626
31541
37916
31547
13182
13183
45650
22368
19558
22369
45652
45653
36473
45657
36474
36475
36476
27295
17811
17812
34731
43916
34737
25555
39663
48846
33293
33294
33295
33296
23811
23815
14632
14634
40733
37923
40734
37925
40736
19565
13193
13196
13197
36483
20638
34740
34742
43928
43929
34746
34747
51662
16387
51666
51667
39675
42487
42488
23822
23827
14647
14648
40741
22380
19571
40748
31565
28756
19577
19579
45678
12904
12906
17835
20646
11463
17836
20648
17838
43932
11469
25575
25576
16393
51674
39682
48866
51678
39688
14650
23834
14659
37943
37945
28762
31573
28763
37949
28768
31579
22398
45681
45685
45688
45689
12917
12918
11472
17846
11479
43948
39690
51683
51684
48876
23849
40760
40763
28771
37955
31584
19592
17852
17854
20666
20669
34770
51691
48887
48889
23855
23857
14675
14676
37962
31592
28782
31595
28786
28787
12930
11493
43960
11495
34786
48894
48899
14680
37975
28795
40789
12941
12942
6100
6101
6102
6109
706
20683
17873
20684
43971
43974
34792
43977
34794
23872
14690
23875
14694
37981
37987
40799
6113
12958
714
717
718
20696
43981
9308
23889
37995
12961
6120
12962
6126
6127
6129
725
17890
727
9315
23894
23897
1201
1204
6136
6137
733
9320
9321
9327
9328
6142
6146
747
4404
9331
9334
1228
1229
12990
12992
6153
4416
9346
47001
47002
47003
6160
6163
6164
766
767
4427
4429
9352
1241
7614
4436
9363
1256
789
9370
16001
16003
16008
16009
42105
2700
2702
7630
7631
1264
7638
6191
6192
22003
6197
6198
22006
4451
4456
4459
16010
16014
42111
39305
2717
47046
7642
22018
45302
36120
36121
5900
45309
5903
5904
5908
4461
4468
4469
16021
16022
16027
51304
39313
42125
2721
47050
2727
2728
47057
1280
7654
1282
7659
31200
31204
22021
22025
36131
5914
4470
11101
11103
11107
25211
16031
25215
51310
51313
48505
42137
47061
7660
47069
1290
7668
7669
28400
31217
28409
19227
45320
36140
36142
45325
36144
5920
36149
11114
11118
34400
25224
25229
48513
42144
39335
42147
2744
2745
47070
2748
7675
7677
14305
40400
31222
28414
28415
19233
31228
45333
45338
45339
11120
20305
11122
11129
34413
48520
42154
39346
51339
39347
47080
7681
14313
7688
14318
37600
14319
37602
40414
40416
31234
22051
19243
31237
31238
28428
28429
22057
45341
36165
36166
5943
17502
17503
17508
34421
43605
51340
42164
51348
42166
2761
47090
23501
23506
14323
23508
14326
37612
22060
22062
28436
22064
31248
19256
22067
45350
36171
45356
5950
45358
5954
20323
11144
11145
20328
43610
34430
43614
34435
34437
48540
48541
16076
39360
48543
16078
16079
48546
39366
2775
2777
23516
14333
23518
46800
14335
14336
37623
46808
31254
37627
19261
31255
19264
22075
31259
19267
45367
36188
17522
17523
11150
43620
11155
11156
34443
16081
25265
25266
16085
16086
42180
16088
51368
42187
2786
2788
23520
32707
14343
14346
46812
37630
40441
40442
46816
37633
40444
46817
40446
19271
31265
22083
28456
28458
45373
45376
36196
5971
45379
5974
5978
12603
12605
12607
20344
11161
20346
43630
11165
11167
34450
43636
25270
51370
25279
51371
16096
2790
42198
2792
2796
32714
29906
29907
32718
29909
46822
46823
46829
28463
19280
28464
40457
22092
28466
19285
45386
5983
12611
5987
35902
35906
20351
35908
26727
43640
17548
11176
34462
34464
25285
25287
48574
48578
39399
15807
41900
15809
41905
14361
46831
14368
14369
37652
37653
19290
37658
37659
45392
45396
5990
21802
21804
21805
12624
12628
35911
26732
17552
20363
17554
11184
34470
43655
43656
25295
51394
48587
15817
15819
41912
29927
14372
32738
23556
23557
23559
46845
28480
31291
28481
28482
28484
28486
31298
28488
31299
21811
21812
12630
35924
17561
26745
20375
26749
11199
34481
43667
15826
15828
41921
29931
41924
14380
41929
32746
14383
14384
46851
40485
46858
28496
21821
21824
12644
12645
20382
17572
409
17574
26757
20386
20388
43677
10906
10908
15831
15839
32750
32751
29944
32756
32757
46860
46863
40492
40494
46868
40496
40498
37689
35940
35946
26764
35949
17585
43680
43685
43687
43689
10914
10917
15842
41940
9007
41945
23580
32765
32767
32768
46872
37691
46878
37696
21842
21844
21845
35955
35956
26773
43691
43696
10924
10926
10927
9011
9012
9013
9015
9016
41951
29961
29964
23593
32776
46882
46886
21856
12673
35961
432
35964
26783
35969
10932
10934
9024
15866
9026
15869
9028
41962
32782
41966
29978
29979
12686
441
26790
446
26796
4106
15872
15873
9032
15876
9037
29980
29984
21870
454
4114
4115
9042
9045
29991
29992
41988
29996
41989
21888
461
462
463
464
466
4121
4122
4124
15892
9056
15898
41992
7310
7312
21892
479
10974
10976
10979
4137
4138
9065
9068
7321
7323
10981
4145
4148
9070
2408
7332
7336
498
10992
10994
4157
9081
9082
9088
39002
2414
2415
5601
4169
9090
9099
51003
39013
39018
2421
2422
7353
7355
45019
4176
51010
51011
39024
39025
39029
2432
8806
2437
7363
7365
7367
28105
28107
45021
5620
5627
4181
4183
4187
34109
39030
39033
48218
39036
8813
7370
7378
40100
28110
45032
45033
5630
4190
20001
20003
20006
20007
34116
34119
48221
39040
39041
8820
51039
8823
39048
8824
2457
7380
14015
14017
40111
37301
28120
37303
37306
40117
28124
45041
5649
17202
20015
34121
48230
3907
39050
51047
48239
23200
7393
7396
14023
37316
28134
28137
28138
28139
17211
20022
34131
34132
43318
51050
48244
39065
39066
2475
23213
14030
23215
23216
14034
46500
46501
37320
28143
40139
5662
5665
26406
17225
20036
26409
17227
20038
43320
43321
52505
43327
34146
43329
34148
3923
3926
48254
39073
51066
39079
23220
14042
32409
40140
14049
37332
37334
46518
40146
40148
45070
12300
5676
17234
52510
20045
49700
20046
49703
49704
49706
52517
43335
34152
34155
3930
34158
3935
51073
3939
39084
51078
51079
8863
2492
2499
32413
29608
14056
46522
46523
37341
46525
37347
45082
5680
12310
5688
35600
20052
26426
49710
26429
52525
3942
34169
48274
39096
8874
8877
41601
32421
41609
46533
40163
40166
40168
28178
45097
21501
12321
12323
12324
26430
35614
35615
17252
49722
43352
49726
34177
3953
48281
51093
51095
51098
8883
15511
38804
32432
38805
29623
38809
41619
23254
32438
29628
28185
28187
18701
21511
21513
44800
18709
44804
12339
35622
44805
17262
26447
52540
20075
17266
20077
49732
17268
52544
52546
49736
49739
3968
48292
3969
8892
24705
15522
41620
15528
38811
23260
41627
23268
40183
28192
46559
37379
30702
21520
18714
30708
18719
100
12348
44816
44818
106
17270
20082
17274
20086
20088
43370
34193
34195
10607
24716
50811
50813
50814
38823
38824
38825
41638
29646
32458
29648
32459
23276
29649
40190
46566
40194
46567
46569
27900
30713
21532
12350
12352
27908
18727
12354
18728
21538
20090
17282
20095
26468
20097
49753
20099
52564
49754
52568
43387
10614
33901
33902
24722
15541
24724
15543
50820
50823
38832
41643
41644
50828
29653
41647
38839
23284
23288
46570
46579
37397
13800
13802
13807
30723
30726
18734
27919
44835
44838
35656
26473
17291
17293
26477
49760
26479
17298
43391
52577
52579
10621
33910
33911
24733
24738
50837
50839
38848
41659
23299
46584
27920
21557
130
44845
26481
44848
35667
26487
49772
49774
52585
49778
49779
10636
10638
33921
15560
24749
38850
41660
38852
50849
29675
29678
32488
13828
30744
27934
21563
21564
27938
30749
21566
12384
18758
35670
26491
26492
26496
49783
10644
10646
10649
33934
24752
15571
24755
15572
50855
38863
50856
38866
38867
38868
41678
32497
18761
21573
30757
27947
18766
18768
44862
35680
152
44866
157
33944
24764
15581
33948
24769
29690
41683
29692
38877
29694
41688
13849
7008
30767
21584
27958
21585
35691
44874
35692
165
35696
168
10661
24770
24773
24774
24775
33958
33959
41691
38886
7016
7019
30776
30779
27969
21599
174
44888
177
10675
10677
33963
50883
38898
13869
30781
27974
30789
18798
44893
44897
44898
44899
189
10680
33978
50890
50899
2105
7032
7034
13878
30797
198
199
33980
33985
2117
2119
13880
7042
5307
33996
33998
13890
7050
7051
7052
7053
7056
2131
8507
8508
7067
5324
5328
8511
2144
2148
7070
7073
5336
8524
2153
2154
8527
2159
5348
43003
43004
43008
3602
3608
8530
2167
37012
5350
5355
5358
43016
3613
3619
8540
8541
8545
8549
2179
46204
6800
5361
5363
26100
26105
43021
3624
3629
8550
2188
32100
46215
6811
37037
37038
37039
12004
12007
12008
52213
49408
3632
3637
3639
8561
2194
2198
29300
32115
29306
29307
32119
46220
37041
46225
46228
6829
26129
52223
43043
52228
43049
3641
8571
15209
1902
1905
1909
46238
37055
6835
21200
21205
5397
21207
26133
26134
52230
49420
43050
49429
43058
3655
15211
15212
15215
41310
38501
41313
41314
41315
32133
29323
38508
29328
32139
46243
46244
46245
46247
37066
37067
18402
12030
12035
35320
44503
44506
26146
52240
52243
52247
52249
43066
3667
8595
15222
15223
24407
50502
50504
41321
38513
29330
41324
29331
32144
32149
1926
37071
46255
46259
12040
12048
35336
44519
35337
52258
10304
10306
24410
15230
24418
47704
47706
29341
50517
38525
41335
32156
38529
46261
1938
46264
27600
21231
21232
21233
21235
12052
12053
18427
12054
44522
35343
35346
52262
52267
49457
3681
10313
10314
33606
15248
15249
29351
38536
47719
38537
32164
1940
29355
41348
29356
1945
46275
6876
27613
21242
21244
21248
44532
35351
49460
52274
49464
52279
3690
3695
33611
33612
33614
33618
33619
15254
47720
38542
29361
41354
38545
29362
41355
38549
1952
1953
46284
6881
6885
6886
6888
36800
21251
27625
21254
21255
18447
12076
26181
35366
52282
52284
52285
52286
52287
16701
16703
10331
10335
10339
42807
33625
24443
50540
38551
15269
32181
32182
47738
38556
32185
29377
1965
1969
22700
13520
22706
18450
36816
30444
36818
27639
12085
35370
35371
26190
35376
35377
49482
52293
52298
10340
16713
10341
16714
16716
10348
33635
24453
15271
24455
24457
24459
38562
38568
32197
1973
22710
13531
19907
36823
21270
18461
27645
21273
12090
30458
18468
44562
12099
35384
35388
49490
49493
16720
25904
25905
42823
42824
33641
24460
24466
24467
50563
41385
1984
31901
31904
19916
36832
27651
27654
30465
21283
18478
11800
11808
25911
16730
16732
10362
10363
33654
50570
15296
50577
41395
38586
41396
1990
1993
1997
31915
13550
19928
36841
36844
30476
18485
30479
11812
16741
25929
16749
24480
24486
47771
47774
50585
31920
31924
19932
31927
13561
13562
19936
22748
22749
19939
13568
18497
44595
11827
11828
25933
10381
10382
42852
24491
33675
24495
24496
47787
31936
27683
16763
25948
16769
42863
42865
33683
47795
47797
13580
22764
11847
16770
25958
42875
31950
31951
22770
31955
22773
13590
19963
13593
19966
22777
19968
13597
13598
36884
36885
36889
5015
25962
25969
42884
8205
8207
19973
31967
22786
22787
22789
36892
11863
11865
11867
25972
16790
25977
16798
42899
8218
31973
22791
31975
22793
19984
11872
5032
11878
11879
25984
25986
8222
8225
31980
19992
11880
11888
25991
25995
25996
25997
3301
3305
8231
8232
31994
11890
5051
5055
3319
8243
6501
8258
6511
6516
6519
5070
5071
5075
5079
49103
3330
8262
8267
5081
5082
49111
49113
9711
8274
41000
29011
41005
41007
1600
1606
6533
6539
5092
5094
5099
35011
35014
49121
49123
9724
9725
3353
9726
3355
8283
8284
8286
41012
38203
41015
38208
29026
29028
1614
6540
6544
18100
35020
44207
35027
49133
49137
49138
49139
9739
8295
50201
1620
1629
6555
6557
30100
18113
18119
35032
35035
49148
10002
3377
10006
24111
24112
24114
24115
50210
38222
47406
47407
29042
50219
1632
1636
6562
6569
18120
18121
30117
35040
4823
49154
9755
10017
33301
24123
50224
47414
38232
50225
38233
50229
41048
41049
13204
27313
30123
44231
35052
35053
35057
4837
4838
4839
49165
9763
9768
10023
10027
33318
47421
50232
47423
38241
29060
38244
50238
47428
1650
29065
41058
29068
1655
6580
6582
6584
6588
13215
13217
30132
30133
30137
27327
18145
27329
30139
35063
35065
44248
4841
49173
49176
16403
16408
10037
10039
42505
42507
24145
47430
50242
47433
47434
29072
50248
29073
29075
41068
1665
22400
6592
6593
22405
13228
36514
27331
27333
30145
36519
18154
44254
4852
35078
35079
49182
4859
49184
9780
10040
16417
16418
10046
39704
33332
33337
33338
24156
47441
41071
47445
38267
1670
1671
1672
29089
1675
22410
22411
22412
13231
13233
19607
19608
22418
45701
36520
36521
27341
30154
18162
18165
18169
4860
44268
4861
4863
4868
49197
49199
25600
9793
25603
16422
25609
10055
42521
42522
10058
42524
39719
33348
50265
41082
38273
38274
47458
41087
38278
41088
1681
29096
1682
1684
1685
1689
19610
13245
22429
36530
27351
45718
18170
27355
18173
18174
44275
35094
35096
11503
25614
10060
51710
16435
48904
16439
39721
42533
48906
39723
48908
42536
39728
41090
41093
47469
31610
31612
31615
19622
13253
13255
19628
19629
13259
45726
30172
36545
30176
30179
44284
4886
25620
25621
25625
16443
10071
16445
16446
51723
39730
10076
42542
48915
10078
48917
42547
39737
42548
24182
39739
50282
38291
50284
38292
38293
38295
38299
28812
19630
31627
22444
28818
13266
45731
19639
45733
30182
36557
18192
30186
27379
44291
44292
20704
4897
11523
20709
34812
34814
34819
25636
48921
16458
51735
10088
39744
39747
24195
24196
50296
31632
28823
22452
40819
19646
19648
22458
45742
27381
30196
36569
27387
20713
17904
34822
34823
25641
25645
25647
48931
42560
33380
39754
33382
39755
42568
33386
33388
47494
23900
23902
23905
23906
14726
14727
40820
14729
40824
40826
40827
31645
22462
28838
19658
22469
13287
36570
45754
36572
27392
27396
17912
20729
34831
16471
51750
48940
16475
25659
48944
39761
48945
33392
48949
33399
14730
23913
14733
28843
22471
28845
31657
13294
19668
45761
36584
36585
20730
20733
20735
17926
11553
20738
17928
11558
34844
16486
48953
16489
48957
23923
23924
14742
14746
23929
14747
31662
40845
22482
31667
22484
31668
19676
22487
19678
20741
17934
20746
25670
34859
16493
25679
48966
51779
39789
14753
14755
14758
14759
28861
40854
31672
22490
19680
45780
19689
45783
45784
45785
17943
20753
20754
11572
17947
20758
34863
25680
25682
25683
34867
51785
39794
23943
14767
14769
31689
17953
20763
17954
11582
17959
20769
34871
3000
31690
40874
31697
17961
20771
11591
17967
34880
34884
34885
3011
3014
23965
23968
14787
14788
40881
14789
28891
28894
40887
28895
28899
6200
807
20781
20785
34896
34897
3023
23970
3029
23977
23978
14798
40897
6211
811
6218
20793
17985
20795
9402
9403
3032
3034
9409
3037
3038
23981
23983
6224
6227
3045
3048
23993
23994
23996
23998
1308
836
838
9424
3053
9427
1310
6240
841
6246
842
843
849
4500
9430
9431
1325
1329
6251
4510
4519
3071
9445
3073
47101
47109
7701
1334
1335
7708
1338
6262
868
27001
27002
27005
4522
3080
3085
3087
33008
47119
7712
7713
1342
873
877
4531
4537
4539
3095
33014
33015
47126
7721
1350
1356
1357
6284
6286
36200
27023
27024
36208
36209
4543
16108
42201
33020
42208
33025
2801
33029
7735
1366
7739
6297
6299
897
898
36210
27038
4556
9485
16112
9489
16115
39400
42212
42213
33030
42214
39404
33033
42218
39408
33036
47144
7749
22113
22116
22117
22119
45403
45406
27041
45409
36226
36229
4560
4564
25304
16123
25308
51400
16126
33041
33043
2820
2821
2826
47152
47153
1384
19310
31308
22126
19318
19319
36230
36233
27050
27052
45419
27059
4573
4579
11206
11209
25312
16130
25317
16135
48601
48602
42230
16139
39421
39422
51416
42234
48609
33054
39428
33056
2837
7762
7764
7766
1396
7769
31316
31319
22138
36244
27062
27067
4580
4582
4584
4585
11211
11216
11219
34502
34504
25321
34506
34509
51420
16146
51422
48613
39430
33060
39433
42246
39438
2840
2845
2847
47178
14400
7779
14406
40500
14409
28510
28511
40507
28515
40509
19337
22148
27076
27078
4591
20402
11220
20404
4599
34512
34513
25330
25339
51433
42252
48625
39443
39444
33072
2850
33078
47181
2859
7788
14414
31332
37705
28523
37709
28527
22155
31339
27080
27082
36267
27084
27089
17600
11232
43704
43705
34524
16162
48631
16168
39451
51445
33080
51448
33083
33084
33086
2862
2864
2866
2868
47197
23601
7796
14422
23606
23608
14427
28532
19350
37718
19356
22167
19357
22169
45453
36272
45457
36274
27091
27095
20421
20426
20429
34530
34533
25352
25353
34537
34539
25356
16177
48642
42272
48646
33090
33097
33099
2875
2876
23612
14430
46905
46906
31350
46907
19360
19361
19362
37729
31359
22176
19367
45464
45467
20436
43721
43726
16181
25368
51462
48654
39471
39472
39476
42288
2881
32802
32805
14442
23627
46911
14448
28550
37734
37736
19370
37737
28558
22186
45473
36297
12702
43736
34558
25376
39480
42292
14450
32817
14455
23638
40552
46927
28562
40556
19381
31375
37748
45483
12712
12713
26820
20450
20451
20453
11270
20454
20456
43740
43741
43743
34561
43747
34565
43749
51485
39493
15901
15903
15906
15908
23641
23643
23644
23647
14465
46931
46932
14468
31380
46937
28571
40564
40565
40566
19395
45491
45492
45499
21900
21901
21907
12727
12728
17654
26838
11285
43752
34575
25392
25395
25397
51496
51499
32832
32836
46941
23659
40571
37762
40575
40577
31395
28585
20473
17665
11293
43761
43764
11299
43766
43769
15923
15926
32840
14480
14481
23664
14482
40584
37776
46959
37779
40589
12744
12745
12747
505
17670
20481
26854
17675
20487
43770
43778
34596
15938
32850
32852
32853
14498
46964
46965
40594
40595
40596
46969
12751
12755
511
512
516
20495
26869
43780
43786
9102
32860
32865
23685
23688
46971
21949
12768
26871
26872
26874
17694
43790
15957
15958
9119
23692
46983
12770
530
533
534
538
539
15960
9129
46992
46998
1018
21961
21964
21966
26893
26897
4201
4202
4208
9131
9134
15979
9138
32892
32895
32899
21973
12791
21975
12797
12798
12799
4211
4218
7400
1030
7404
7405
1036
1037
21985
564
4225
9152
7410
1048
1049
573
4231
9166
7420
1053
7427
7428
7429
581
4244
4248
9170
9175
9176
9179
7434
1064
596
598
599
4251
4253
4259
9185
9189
39101
39107
2511
2513
2516
1075
1079
19007
45107
5701
5707
25002
39112
39119
2522
2526
1083
1085
1089
31003
19010
31004
19017
45111
45112
45117
5710
5713
4278
25014
25019
48303
51119
2532
8906
1093
28202
31013
19024
19025
45120
45123
5724
4285
34200
34202
25023
34209
48314
39133
51127
8910
48319
39137
8914
2542
8916
2546
7474
14100
40204
31022
28214
40207
19033
31026
40209
31028
19038
4292
34215
25039
48322
39143
48327
39149
8925
14110
14111
37400
37403
40213
37404
37408
28225
45141
45144
45148
5742
5745
20110
17301
20118
34222
43409
51142
48332
51145
8933
8935
23300
7494
14121
23306
7499
14127
40220
14129
40225
28238
5753
5757
5759
17318
17319
34235
34238
48345
48349
39169
8944
2572
2577
23319
46606
28240
40233
19060
40238
37429
31058
19065
45162
45169
5768
17322
17323
20133
26507
43422
34246
25063
34248
51160
51164
39171
48357
2585
2587
14140
14147
37430
37431
46615
46616
46619
19070
37438
28256
40249
19074
31067
28257
31069
19076
45171
12405
26513
20142
20143
20144
26519
43430
43434
49809
34256
34258
25075
25077
51170
48365
39182
29701
32511
32512
23330
32516
32517
23338
40251
37442
37445
37449
5785
35701
35703
17343
17344
17348
43444
34269
25087
51180
51181
48373
39190
48375
51187
39195
39196
51189
39197
8974
15600
15602
8978
41700
32520
32521
41706
32524
29714
41709
14162
14163
29719
46630
14166
46632
40262
46635
28270
37455
40267
37458
19093
31089
45194
5794
21603
5796
21607
12426
35710
20161
35719
49821
49825
25090
43457
43458
48382
51194
8980
51199
8986
15612
8987
8989
15618
41715
32532
38905
29725
38908
14170
41719
46641
37461
37463
40274
31093
37469
31099
21610
18804
18805
21616
44900
21619
44905
26540
26541
17367
49834
34280
43464
34282
34283
43467
43469
48390
48392
48394
24802
50901
15627
50905
41722
32540
32541
29732
41725
14181
14182
32549
23366
14184
40282
46657
28292
28293
40287
28295
30804
12440
12442
21625
30809
18817
18818
205
17370
20180
17371
209
35739
20187
49844
43472
43474
34295
10701
10702
15631
24815
38920
38922
29741
32553
23371
38928
32556
14192
32558
23375
23379
14198
40290
40297
18822
18824
21635
21636
21637
21638
12455
18829
35743
44927
17380
218
26565
17385
17386
17387
17388
20199
43481
49855
43483
43486
10714
10717
24821
50920
50922
41745
32562
23381
41748
29756
23386
23388
46671
37499
13902
13908
13909
30824
21644
12464
220
226
228
35758
17393
17396
17397
17399
43491
49864
49867
49868
10723
10725
24833
24834
15653
41750
50935
41754
29762
38946
32574
23393
23395
23397
13911
13914
30835
12471
18844
12474
18849
12477
35761
26581
235
26583
26585
35769
49877
10730
10731
24840
24842
24845
24848
15666
15668
29772
29777
46694
13924
13928
30848
12483
12488
242
44955
243
26590
35774
246
44959
249
35778
10742
10748
38960
41773
41775
29784
29785
13931
13932
13935
13936
21671
18864
44963
252
49893
10751
15682
24866
24868
15685
41780
41782
41787
29795
41789
29796
7100
7104
30869
21687
21688
44970
44976
35793
44977
269
10768
10769
24872
15694
38983
50977
38988
13954
21691
30875
30876
44983
44985
10774
24885
50984
50987
13964
13966
7124
7125
7129
18891
18899
44994
44996
287
10781
10782
10784
10788
10789
24897
50992
50994
50999
2201
2206
2207
7134
7137
7138
30891
10791
10794
2212
2215
7140
13983
13984
7144
13987
2221
2228
7159
5412
5417
48001
48007
8603
8607
7164
7168
5420
48011
8610
48018
8615
2242
8618
7177
7179
48022
48025
8624
8625
7183
37105
37108
5447
43101
3705
3707
8635
8636
2264
2265
2267
23000
5453
5454
5459
43116
3710
3712
48040
48049
46302
37122
6906
6907
26202
17020
26204
26206
26209
43122
52308
3724
3728
48052
48053
8650
8659
2288
23022
23029
6911
37137
5470
5473
5474
5476
12102
5477
5478
12108
17034
26218
49502
52313
49503
52316
43136
43137
43139
3738
8665
2294
8669
29402
32217
29408
23037
46325
46326
37146
5480
12116
12118
35401
35402
26220
26222
17042
26227
49510
17045
49511
52323
43141
43143
3744
3746
8671
15301
8676
15303
32224
32227
6933
6934
21300
5493
21303
5498
5499
52334
3750
3751
48081
48086
8680
8685
15317
38605
29423
38606
23050
41417
32234
38608
23052
32236
23054
23056
23059
37161
37165
6940
46349
6944
21312
18502
12130
18504
21315
18505
26241
26244
26246
49530
49531
52341
49538
48090
3769
8695
15323
50600
24509
15326
32241
38615
32245
46350
46351
46353
37173
37174
37177
37178
6959
18511
21321
30507
18518
44617
17073
17074
17077
17078
43170
49545
3777
10403
3779
50612
41431
38622
38623
29441
50617
50618
29443
41438
23073
29448
23079
46364
37181
6964
30511
27701
27703
18521
27705
21333
27707
18527
18528
18529
44622
44623
35440
44625
35442
17082
35449
26266
17084
17086
52361
52365
10410
3789
33704
24521
15340
24524
15342
38630
47815
29450
29452
41448
32267
32269
46370
46375
6970
6971
13600
18530
27714
27715
21343
30529
21347
44631
44636
26270
35454
26272
17090
35457
35459
52370
26278
49566
52376
43194
49569
52379
43198
3796
10425
33710
24534
33718
15352
24537
47820
50631
24539
15359
38642
29460
32270
32271
41454
38645
32273
41458
29466
46385
6983
6987
36905
21351
18541
27725
18543
12171
21355
35466
35468
52382
52385
52386
49577
10435
42907
24541
33726
33729
15364
41460
47834
32283
38658
32288
46398
22806
13628
36910
27734
21368
12185
44655
26291
44659
35479
49580
52391
49582
52393
49585
49586
49587
10441
42910
10445
10446
24553
33738
33739
24558
15376
47843
38663
38666
41477
29485
38669
22814
13633
13634
36923
27740
36925
36926
36927
27749
18569
44665
35486
49594
49595
49598
16821
16822
10454
16827
10455
16829
10457
33740
15381
24565
50660
15385
15387
38671
50666
41484
38674
41485
41486
29496
13640
13643
36930
13649
36931
36932
36935
21380
18571
18572
44670
44671
44676
35494
35497
11904
11906
16833
42931
10467
10469
33751
33753
24577
50670
47862
50673
38681
13656
36940
36944
21392
27765
36949
18583
11911
10470
16845
10473
42947
42948
33767
50681
47873
38692
50687
47877
47878
38695
38696
50689
22841
22844
13664
13665
13666
36950
36951
30585
36958
30586
30587
18594
18597
18598
44691
44699
11921
11928
16853
10483
16856
10486
42952
42955
24591
42957
24595
47881
50692
50696
50699
22856
13678
36964
27781
36968
27786
27787
27789
10490
42962
33781
47894
47895
47897
47898
47899
13682
22866
22869
13687
36970
27794
11946
5107
16873
42973
42974
33792
33793
33795
22874
13695
13696
22879
36985
5112
5114
5118
16882
16887
42982
8306
36990
36994
36996
11963
11964
5127
5129
16897
42990
8312
22895
22897
11970
11976
11978
5137
5138
8325
11982
11986
3407
8334
6601
6605
6607
5165
52003
52007
3420
3426
3429
6615
5177
49205
52018
9802
9806
9808
3436
8361
8362
8363
29105
6621
6624
6625
35103
49212
52024
9811
3440
3441
8370
8371
8376
15006
15008
15009
41104
29112
41108
1705
46033
46035
6633
21005
5198
35111
35115
35119
49221
49223
49227
52038
3452
3453
3457
8381
15010
15012
41112
29120
29122
38305
41119
46040
1719
46044
46046
46049
6647
21010
18201
18203
21014
18205
21017
21019
35122
35124
44309
35127
52040
52041
52044
8394
24204
50301
50304
50305
29132
29133
41128
41129
29138
1723
46054
46057
6653
30203
18213
30208
35133
4910
3473
3478
24210
24212
47501
47502
50313
47504
38321
38324
29143
1732
6661
6663
6665
27400
30211
21030
27403
18225
30219
44326
35145
35148
4925
4926
52061
9850
3481
10110
3485
3487
10113
10119
24223
15040
15045
24229
50325
38332
41143
50327
47517
41145
29153
1742
1746
13300
6678
13308
13309
27413
30225
21046
27419
18236
21047
21049
35151
35154
35156
4931
4936
49262
52072
52075
52078
9861
3491
9865
3499
10127
24230
24237
50330
50333
50334
41151
50335
47526
47527
29161
50338
29163
1753
46080
1758
1759
6683
6689
13316
36600
36601
30232
21050
27424
30235
36609
49271
16500
16501
16502
16505
16509
42605
33428
24246
50343
41163
47537
29172
38355
41166
38357
22504
6697
6698
13324
27430
18255
18256
18259
44352
44355
35173
35179
49280
52091
4957
49282
4958
52093
49285
10141
16514
10146
33430
39804
39805
15070
47540
24259
47541
50353
15078
29182
50358
38366
1771
1774
19702
19707
45800
22519
45806
27441
30252
21070
36627
27446
44363
35180
44368
35186
35188
49297
25701
9897
16525
51800
25709
51801
16528
10156
51804
42623
33440
39815
51808
39816
42628
50360
15087
50365
38372
22520
13341
13347
21080
27453
36639
18273
21087
35191
44375
35195
4970
4971
11607
25713
25714
16533
25717
25718
16536
51811
51813
10166
39821
51815
42633
10169
33451
33453
24271
33456
24273
24274
15092
41190
47564
41194
28900
28901
28902
22530
31716
28907
19724
45821
13358
27462
36649
27467
11611
4986
11614
4989
25722
16543
16544
51822
42640
42641
24280
42647
39838
39839
33467
50385
47576
38394
50388
38395
38396
14807
28910
40904
22540
22541
22543
19735
22549
36653
30283
27474
18291
18294
44395
44396
4991
11620
10180
25738
51830
16557
51832
39840
39842
51835
42654
39845
33476
47582
50397
14815
40910
14818
28923
31733
40917
28925
31737
19745
22555
22556
22559
36661
45846
27481
20811
20812
11630
11639
16561
25744
16562
10195
39850
10196
10198
42665
39855
51848
39857
47594
14829
40922
40923
40924
31742
40926
19752
31745
22562
40929
31746
13383
13387
45854
45855
45856
36673
36674
45858
11640
11648
34933
25759
51852
42670
42671
42672
33491
42677
14833
31751
19760
19766
22576
22577
45862
45863
45866
45868
34940
25762
16582
25765
51862
39870
42688
14840
8003
31760
31761
19772
31766
31769
19779
45877
36697
20840
20841
20848
11666
25771
16596
39880
51873
39881
51878
51879
39889
8012
14856
40950
14858
31770
28962
31778
45885
45886
45887
45889
20851
20853
11678
25780
25785
51880
8024
8027
40961
8028
28974
31785
19798
45890
20860
20861
20865
11682
11683
11684
11686
34972
25791
25799
3106
14870
8030
8032
8033
14878
31795
31799
20870
11690
20878
34986
3113
40981
28990
40984
28995
28996
28998
28999
6305
6309
20882
34993
34995
3125
14892
14895
14897
8059
40994
912
913
20890
9505
8061
8069
6322
929
9512
3140
9514
3144
1409
6332
6335
938
9526
9527
3159
8083
38002
6348
949
44007
4602
9531
9533
3168
8091
8093
8098
50003
38019
1422
951
953
4617
4619
3178
3179
38025
1431
1433
7808
7809
1439
6368
44021
4628
9554
9556
3185
33105
33109
47213
38031
50027
38037
38038
38039
7819
1446
6372
6374
6375
6376
6377
977
978
13008
27114
44031
44037
4632
9562
9563
9565
47220
50031
47225
7820
47228
1453
6386
6387
13012
984
989
36301
36308
44042
44044
44047
4645
4647
9573
16206
42300
33120
33124
42308
50042
47234
50046
50047
7830
1462
7838
1466
1468
22200
22203
991
13021
13022
22208
996
13026
27132
27133
4659
9589
33132
2912
47240
50051
38060
47244
38062
50059
7843
1476
19400
19401
13037
36323
27141
36327
44063
44066
44068
4664
4667
25401
25409
16226
39511
42325
2921
2923
2925
2927
47254
50068
50069
47259
7854
38079
22220
19413
13041
22225
19416
22226
13044
36339
44075
11303
25416
51511
51512
16238
16239
51514
51516
48707
33151
51517
42336
48709
42338
39529
38080
38086
7862
7864
1491
7865
1492
7867
1495
7869
1497
1498
19422
28606
31417
28608
19427
19428
19429
36341
44081
44085
4682
4683
11311
4686
11313
11319
25420
48710
42344
51527
51528
42348
42349
33167
2942
2943
2944
50082
47273
50086
38095
7877
14503
14505
22240
19431
31424
28615
13061
28618
45532
13067
36351
13069
36359
27176
27179
44093
44096
44097
44098
4696
11322
11323
4699
34611
25432
34618
25438
51530
48721
51534
42353
39544
51538
2950
33177
2954
50091
2959
50093
47283
47288
7881
14510
14511
37801
37802
28620
28623
19440
28624
19442
13072
13074
19447
19448
13076
45544
45546
27182
36369
20512
17707
11338
43804
43807
43808
25443
43809
34626
16262
16263
51541
42360
16268
42361
42362
51549
42368
33186
33187
2962
7890
7891
7892
23700
37813
40625
37815
31443
22260
19452
13081
31449
13084
19458
22269
36371
36373
27192
11340
34630
43818
25454
16271
48745
51555
39564
51559
33195
39568
2972
33198
2979
23717
23719
40631
37826
19461
37829
19465
22275
13095
19468
45562
36385
17722
17723
17726
20538
43821
11357
25462
25464
25465
25468
16286
51562
39571
42382
39572
51565
51566
39579
2989
32900
32905
32908
23725
28651
31461
31463
28655
19472
19473
31466
19475
31469
45570
36393
45577
12807
11360
26917
11361
26918
11362
25475
16296
39581
39582
48766
39584
42398
2995
32911
32914
14550
32917
23739
37841
37843
31472
40656
37846
40659
28669
22299
17741
26925
26926
20554
20556
11373
25480
34665
51583
39595
39596
32924
14565
40662
40663
37854
28673
28674
19491
28677
19496
45590
19498
45597
20562
17752
11387
11389
25490
34678
25496
34679
51598
51599
32932
23753
23755
14576
40676
31493
28689
12839
11392
43860
20579
43863
11398
43868
34686
48796
14580
32947
14585
23769
14586
37874
37877
37878
28696
12841
12843
6003
12847
12849
604
605
26958
17777
43873
34693
43878
34697
32950
32957
23778
37880
40696
40699
26963
17780
20591
17784
20595
26969
43880
43885
9200
9208
9209
32963
23781
32965
23783
23787
23788
37890
6026
6027
625
26972
628
17795
9219
32971
32973
23791
32975
1103
1105
1106
1107
6035
6036
12879
6037
633
26980
639
9226
1118
6042
6044
12887
643
26990
26995
26996
4301
32997
1123
1129
6050
6052
652
655
4310
4312
4313
4316
9243
6062
4325
9250
9254
7510
7514
1143
7517
1148
9266
9269
1150
1155
6080
6081
6085
6087
686
687
36008
4340
4343
9274
2600
42009
2608
7533
1162
6091
6094
6096
6098
698
4352
4359
9282
9287
39200
39204
42015
39206
42017
2610
42019
39209
2611
