73040
82225
82227
73048
87159
45205
45207
71305
62122
62123
62128
4
76230
9
67051
4367
42021
39212
42026
42028
65311
82235
31101
31102
19117
19118
36030
36032
5810
36036
68505
62139
76246
4376
11001
4379
48404
39221
42033
74503
65324
56141
65328
56145
79432
79438
87170
87177
31114
45222
80500
36044
68514
68519
59336
76256
4385
34302
25129
48411
65331
56152
14205
14206
87181
87185
87186
40306
87188
19137
54417
36052
80513
77704
5832
68523
80519
85441
76261
76263
67080
76265
85448
60413
48426
42053
42059
2656
2659
56168
14210
82269
73087
54426
68534
20213
76278
20217
20218
43504
34323
48434
57617
51246
48437
51247
48438
42066
65356
2667
2668
7590
73093
23401
14221
7599
23409
40321
40322
28331
19150
63618
54435
45259
71352
77726
59369
76284
20224
34332
57622
57623
48442
51254
48445
83721
42074
51258
48449
2670
83726
56180
2677
79470
79473
23415
63626
36083
77732
45267
68550
80549
62184
85479
11052
60442
42080
48453
48458
74551
83734
39279
65373
74557
56194
23421
82297
79488
37534
40345
19172
31167
54450
63633
54457
45278
45279
59381
71374
12500
12504
59386
59389
12507
26616
20244
11063
43532
43533
25170
25172
43539
66821
34357
34358
60453
51270
48461
60455
66828
51273
65380
2694
65387
65389
79491
55900
14256
31170
28362
46729
63645
45280
68572
77756
35800
35804
85499
61900
26626
17444
61902
20257
49912
61906
43541
66834
25188
51283
83750
51285
39299
65393
41805
23441
29814
55912
37550
31180
63652
45291
54477
80570
86949
71394
12524
21708
61910
20265
52732
17458
52734
25190
43556
60472
57662
57664
60475
48485
51295
48489
15711
74587
14275
46743
40374
46747
37569
86952
86959
18905
68599
12538
35829
20274
49931
20278
61927
11098
34381
52749
66852
32644
32646
29838
46750
55936
46755
28392
37575
46759
72856
54492
63676
54494
63678
86967
18913
18914
80599
12545
18918
18919
35835
61930
61935
43578
60494
24911
15735
41832
29841
29845
29846
32657
46769
63683
86976
77794
30913
26663
319
49950
43580
49955
66879
24920
24922
23481
55952
46772
72872
63691
328
49961
61956
43596
66880
10823
10827
10828
24931
24933
15754
41852
41853
55961
72880
12571
12575
35863
26682
35865
61962
49973
52784
66895
30948
30949
12585
12589
345
61978
49986
10842
15775
41873
32693
29883
32697
55981
55989
30956
18965
18968
359
10855
4016
24961
24963
7203
30961
30966
21784
366
61998
61999
7219
21795
7222
30986
4048
24996
79102
7234
392
59007
85105
7240
79116
59014
5508
71009
2322
7252
5513
5518
85127
4075
48108
2337
79135
5528
8710
74213
8714
65033
65037
7277
54116
68220
77406
71034
5538
4095
57308
60118
83403
48129
83406
2352
2356
37203
37204
37206
37209
63307
63309
77415
5546
80229
68237
85155
17100
60120
3808
3809
8738
2369
79161
23100
7295
7298
54133
77420
80231
71054
71055
17119
3813
8740
74242
74247
79179
23119
40031
46404
46407
28043
37226
40038
63321
28047
63324
63328
86610
86618
59074
26300
26303
52402
52408
34045
3821
23121
23125
46411
69700
40046
54152
54154
86623
86624
86628
80257
12201
85180
49601
52412
43230
52418
43236
75702
3830
3832
57340
75706
60154
83442
74261
48169
74262
83446
65085
29506
32319
23138
55606
28064
72522
37247
72524
69714
28067
80260
86633
54168
68279
59099
85195
85198
26326
17145
49611
52423
43247
65091
74278
65097
15405
29510
41504
41508
23142
40060
78901
72532
78905
69722
28075
40069
63353
63358
86646
68282
77467
5599
35515
17154
61617
34070
48181
48186
8786
15414
41510
32336
32338
64805
46444
69731
72544
81728
86651
86658
18601
21412
21413
77479
35524
26341
35528
61623
52443
49634
61628
49636
66551
34087
60182
57378
83474
8794
74295
24605
23160
32344
38717
29535
64818
40080
78921
37275
40086
37277
28095
28099
63375
54195
86662
54197
80291
86668
77486
80298
18617
52451
52457
66561
3872
3873
34098
75747
3879
10506
15433
38721
29541
32352
64821
23174
69758
77492
27800
27802
77494
77496
27804
86679
21435
21438
53907
44724
17185
3882
75759
3887
24622
15442
50720
29550
23181
55652
55653
81755
72577
21440
12263
44730
35555
35556
17194
49660
61654
49665
49666
84943
49669
66581
3894
3895
10528
24634
33817
47923
38741
29560
50738
50739
38747
32375
32378
29569
55663
46480
46485
69771
72589
86691
30632
21452
30636
12275
53927
35562
70840
44749
75776
84959
16906
33826
24646
15465
15468
47937
41566
38757
64850
29577
81770
55678
72590
81775
22900
69785
13723
27839
53931
26391
70853
61671
35579
61674
61676
58868
10547
33831
24656
47945
29586
22910
18660
30655
27847
12295
53945
53946
44768
70866
61684
75793
10550
15480
15481
41583
41584
38778
64874
55695
81795
81798
22926
30666
21485
27859
44771
35599
84982
24672
33857
41592
47966
47967
64881
30672
27864
44782
70887
58899
10577
33866
24686
24687
50780
22942
44790
10583
10585
10588
50791
50792
22957
27883
16967
16969
33881
47993
27897
53994
33890
33893
33895
22976
22979
16989
2031
2036
22984
16992
88021
88028
5230
5238
57002
2058
77119
57017
83112
8433
63018
77122
5252
66206
8447
88053
46103
63021
6706
63026
77136
52105
52108
3523
66213
66214
8450
2080
2081
8455
10
32009
46118
72213
63030
72218
63035
6719
5270
75403
9904
3538
57047
8461
2094
2097
69414
81409
6727
72228
77151
77158
61304
75410
49318
75411
66232
75416
57051
75418
57053
33
41201
88083
88085
29211
1800
29218
1808
46137
69421
72238
21103
35215
61314
58504
49323
75420
3551
84607
3552
84608
57068
57069
83164
88095
38408
64502
32037
55328
69437
86350
86359
18309
70500
58513
66257
8492
83175
8495
41220
38417
41228
64510
1820
29236
1822
81432
69440
78624
87808
87809
6755
63078
86362
30301
77185
21122
18315
44412
35234
67706
70518
58525
70519
52154
9940
15131
60
41230
38420
15139
29241
73700
50419
29245
73709
46163
69450
72268
72269
86375
27501
77195
27504
18324
18326
53602
18329
3581
66275
75458
10214
83192
24323
15140
41240
64530
64534
1845
64538
6771
63096
86380
86382
86388
30323
53614
53617
44436
35253
70530
35256
61352
61356
58546
52175
3595
9969
3599
15150
38441
50435
47628
29262
29263
1856
46184
81462
86393
27523
18340
62804
21157
62805
62809
70542
76915
35268
70548
61366
84653
84659
9978
24346
15163
33529
93
15169
38452
41264
41266
38456
55372
46191
46193
87844
78666
22602
72295
13420
13423
72299
13424
13429
21168
44453
26092
76924
70555
70558
52195
75483
9985
33531
39905
24350
33535
82923
32096
73745
64569
87855
81482
19804
19805
21172
35282
70567
70568
58577
61389
84672
9999
51901
51904
24361
24364
24367
41281
47656
50468
41286
29294
64572
73757
78682
22620
31803
13448
36731
45918
18371
18377
76941
35296
67762
76946
25810
25811
51913
51915
39923
51919
42738
56843
50470
56845
15199
50476
47668
64581
1898
87871
87877
19828
27561
30373
18382
30377
62847
76953
67772
76958
76959
11716
84694
84695
25820
84697
25826
10272
24387
38490
38492
50488
14900
87884
19836
13464
22649
27571
18390
36756
53675
53678
44496
20906
25835
42752
10288
42754
33577
50495
14912
14913
14918
87892
13471
13473
19846
19849
13478
36760
45945
62861
30396
62864
76970
76975
11732
67799
10290
33580
39956
56872
47694
56879
47698
14928
31843
45959
36776
36778
53695
53696
20923
11742
51957
39969
56882
14930
31850
31853
31856
13491
13494
45967
45969
36788
25864
25865
16685
51967
42789
56890
56896
22680
31867
31868
19876
20943
20947
42790
51973
39983
22697
20952
11778
51988
14961
14962
31883
31885
19895
14971
86003
11794
20979
3217
14982
20982
8155
6413
6415
86021
20993
75105
3234
8167
6423
69114
69118
86035
61008
3245
9618
8177
81111
69123
75120
75124
38102
38104
55021
1518
78310
69134
86051
44101
70203
84316
24002
8194
38110
64214
81131
81133
78325
78326
69144
18011
30005
67401
61031
58222
61036
84328
84329
50114
38129
87511
81140
55049
69153
86071
86076
86078
27207
67410
61040
67415
58233
9654
75154
33200
33205
50123
38131
38134
7915
1543
64236
1546
87526
6472
86089
53317
76600
44137
76604
58241
67425
9661
9663
84347
24033
47329
1550
7924
73427
64246
87534
81166
78359
13111
13118
86092
86096
36405
30032
86099
18043
44140
44141
53326
70241
76616
61063
84350
84354
84358
84359
42402
56511
50143
56517
79803
38158
64252
1562
7935
7938
87540
64258
55077
78360
22308
36410
36419
53330
44156
58264
9686
16312
75189
42415
33239
24058
50150
47342
79813
7942
79818
81183
22310
81188
13132
19507
13135
59714
62528
53349
85815
4764
58272
61084
67459
4769
58277
61089
49097
84376
75193
84377
16326
39614
33244
33245
50165
47357
82633
82634
79828
31504
45610
30061
62532
30067
59724
4772
58280
70276
58286
11408
48805
51616
24070
33255
38183
47367
79833
79839
87570
87573
78393
28702
31517
78399
19526
13157
62541
30076
18084
80909
30078
68917
59736
44187
4780
58299
25526
60806
74910
42446
79840
79848
14600
7975
28710
31525
40709
54814
45633
71730
27274
68922
53371
18096
59747
44191
44193
53377
85847
4794
70295
76669
11422
11429
34712
34717
25536
60812
51631
42450
39643
39645
74921
74926
24097
24098
47381
50192
47389
7982
79857
14613
14615
14617
40711
14619
40714
40719
19543
22358
22359
54827
71740
36469
80929
30099
59759
67491
85858
67496
17807
11438
51640
16365
25549
48832
33283
33284
39658
74933
42469
74935
74937
79860
82670
82679
40722
28731
31543
37918
40729
54832
22369
71751
59763
62577
20626
16375
74944
56586
56587
82686
14636
22378
36486
80945
59775
62588
85874
76695
20635
20636
34742
25561
51660
48853
42481
65778
23823
40741
37936
22382
19577
22387
54853
45671
54855
54856
36494
68960
80959
20649
34754
43938
51670
51671
16397
48866
51677
74960
65782
65787
79891
14652
23839
22393
19584
45680
80962
71782
68977
85893
85896
39691
51686
65793
23843
40761
28771
31585
28778
45697
80973
71795
20668
11489
25590
43959
25595
60876
74980
23853
23854
14672
54883
68992
68997
12939
17866
17867
48897
37974
80994
707
20682
20685
43970
60893
23877
23878
713
17884
20697
43989
9300
23881
23886
23889
12961
6124
6126
723
6129
9314
23893
12970
12973
12975
6139
735
84004
1213
6140
6147
4401
9336
1226
87207
12994
84022
7602
1233
6166
762
763
4421
67116
47011
1242
772
778
67121
67122
4436
67127
84046
47020
47024
7620
73123
7624
82309
73129
7629
87233
78052
78055
780
78059
36104
62202
62203
62209
76318
84052
9371
42105
2704
56212
56214
56215
47036
79502
47037
82312
1261
79509
78061
6192
6194
78068
796
76327
84062
9387
16014
39302
42112
42115
2713
79511
79512
78073
45301
62220
62226
62228
84077
9397
51302
42121
2726
82336
7653
79527
78080
31201
87267
19210
5914
62232
53050
59423
71416
62235
62238
67167
51312
42132
51316
2733
56242
74608
56245
7660
28403
78095
19221
78098
54505
85531
76350
84091
84098
16041
16042
16043
51320
60507
51325
48515
39339
65433
47072
79543
73172
14303
14305
40400
14309
40401
40402
40403
31220
31224
19233
22048
80612
77803
80619
53071
53072
59446
59447
76367
67186
20308
57700
57701
57704
57706
16059
83803
42155
74621
74622
65442
82360
79555
79557
82367
14318
37600
31232
28422
37608
31237
54520
54527
68633
68639
20312
43609
34426
25245
60521
57717
39359
65452
74639
2768
14322
14325
40420
31244
28439
19256
45350
5950
77827
5955
53090
62277
53097
76382
85567
76384
20324
17517
25254
57720
60531
51352
57726
39362
60538
39369
2777
56287
82383
14336
40432
31250
37626
31255
54541
22077
63728
36180
80642
77833
45369
5964
77839
59479
26701
76395
85579
17521
76398
20339
52807
43625
34443
43627
16083
60543
51361
74651
74653
65472
56290
65476
79584
79586
23528
14347
31261
37638
19272
19275
72917
63734
31269
54556
45374
80650
5970
5977
62297
25275
66927
16096
57747
39382
39383
48566
48567
65481
74665
32710
32716
37643
46828
72921
19281
19282
19284
72926
63749
77850
77855
68672
59494
68678
85593
35903
85598
11173
43641
52825
66931
25285
66934
48572
48573
51389
83858
41901
46834
46835
31281
40467
54576
77864
71491
5992
68684
71496
12625
52837
25291
66942
48580
25299
74680
48588
74682
83868
29920
29922
23556
29929
14374
46841
37668
54580
28489
68693
21814
35926
35927
17569
66954
57772
57777
83875
41925
32746
23566
14383
40482
46857
40486
63772
63775
21828
26750
17570
52853
34495
66961
57780
57785
60597
29945
32757
32758
23577
21835
35946
43685
43686
10912
57797
83893
10919
15841
15847
32762
23584
37690
37695
72978
21845
35952
17599
52876
10929
32775
41959
46880
12672
437
52884
52886
66990
10933
66999
10935
41963
32780
32784
46895
46898
72992
21865
35971
26791
26795
26798
10946
4105
4106
21870
21877
21878
35986
15881
9040
41980
41989
7300
21886
35993
10961
4121
10965
15890
41995
76002
10972
76005
4134
10978
9069
487
76014
10984
76016
9070
9077
7335
492
59100
85206
4151
9080
65101
2412
2418
79214
5600
59112
76036
39017
39018
2424
82030
82032
79229
59126
59128
85224
85229
76049
39024
51018
39026
51019
8804
8805
79230
82042
79233
7360
7366
28107
54206
45028
59134
5627
85234
76052
60200
51020
39030
48213
48217
74313
2440
74315
2445
65135
7371
40100
40101
14009
40108
45032
80310
77500
77504
71134
59142
59143
59145
59146
57403
39040
48226
39047
74322
65143
65144
28124
45043
80321
45046
77514
80325
85250
85256
20010
17200
43307
48230
3907
39054
48238
39058
74334
65156
79260
79263
7391
7392
7396
40126
63411
77520
54238
68341
59161
59169
17210
17211
76087
17217
43318
66606
57427
83522
83524
83525
39069
65168
23211
14039
37323
28142
54243
63426
86712
45064
86713
80341
77531
80342
59170
77537
59172
68356
76094
26408
26409
17227
3920
34147
60245
83530
39078
74356
2486
79280
79281
79287
79288
37332
72612
80353
77544
59186
85280
85289
17231
17232
26419
52512
20049
17239
34153
34158
3934
60254
51077
2495
79290
14054
46528
81804
72622
69817
63447
77554
59191
85290
35604
52525
61708
75812
51080
57453
60264
8872
74372
41604
40160
14068
37355
72637
69827
54271
54275
86744
86749
80378
71197
21505
12328
12329
26430
26432
26433
17250
17251
61711
26437
58903
58904
61715
43355
3954
48286
41614
41616
32438
14075
55727
40174
81823
46548
37368
69838
54282
69839
54286
54288
68391
18702
61720
70909
61728
43369
75835
34188
3964
75838
48296
48298
8894
15523
32445
29635
64912
64915
55735
63472
54290
80393
44811
44812
70917
49742
43373
75848
57483
3976
10604
60297
60298
83588
24717
50810
41633
50817
32454
64920
23274
23278
14095
55744
55745
55749
72660
37388
37389
72665
30710
30712
27903
18725
20094
17284
49755
49756
66670
10610
66677
38832
50827
41644
41645
41648
32466
38839
29657
46572
81851
72670
69867
13808
27910
44831
35654
127
58941
58943
43398
10624
10627
10629
24736
29660
41654
29662
46586
81866
69876
13816
30731
21550
21551
27929
132
136
26482
44849
26487
26488
49776
75879
24746
33929
15563
24749
15566
15567
29676
64952
64953
46590
55776
46594
72690
81876
72694
13821
69886
30745
30747
12381
27938
12383
26492
26495
49782
10646
33930
15573
50858
41678
81880
81883
13830
81889
13834
27944
44861
58976
75897
15582
41682
29693
64970
38879
29696
29699
30763
70977
61797
58989
61799
10664
33952
50871
64986
64987
7010
30770
21592
27968
30779
174
10678
38891
7020
7021
13866
13868
27972
27976
18794
18797
33977
50897
2105
195
196
2117
7046
33993
33998
33999
88104
13894
7057
68008
2137
88114
88118
7065
80006
8518
7078
5334
2150
2151
88137
7087
63101
63107
77212
77219
88143
63110
77224
86408
68044
66300
8540
74041
88154
72304
6809
5360
5364
5365
77239
26107
52200
52202
43024
66311
66313
57138
83233
8555
83238
46212
69501
37039
77243
68062
26116
49404
43038
75504
3632
57149
74064
83249
29307
46225
6823
63143
63145
72329
69519
12011
66330
3640
3645
74075
8577
15208
88187
41307
1906
69523
81519
72338
72339
63158
77262
77263
86448
80077
80079
5397
35314
26134
58605
43054
49428
75521
43057
84707
66342
57160
57169
8581
8583
83266
8587
41312
41315
29325
55420
32139
64605
55423
81520
37067
63161
80080
77277
68098
44507
43064
43066
75538
74090
74091
83275
50504
29330
50509
1922
1923
87900
87902
78722
81537
63174
72359
80092
30404
80097
18414
21226
44511
44515
61433
49445
49447
3670
75545
66364
83287
69550
63182
86473
18426
30419
12054
44529
26167
61444
61445
43080
58638
49456
10313
66379
83291
15244
24429
47713
41342
29351
73812
32165
55451
64634
81551
37093
87929
63196
27615
27616
21244
12062
21246
44532
35350
53717
67820
67823
52271
61454
58645
52277
3691
10321
66386
10324
10329
33614
24433
24436
50530
15257
38544
41354
41355
32174
1952
32177
1956
46287
87936
87939
72385
36805
62903
30439
53729
70640
70646
75572
10333
24445
15262
24447
15264
50540
56913
47733
47737
1962
29377
32188
55471
29379
46297
87947
6895
13523
13527
36811
18453
21263
12081
53730
12082
53731
21266
53733
26191
70659
58666
52294
49484
52296
52297
16711
10342
42810
24457
15276
47742
50554
41371
29383
47749
87951
78771
69593
19901
81587
19903
78779
19908
21273
53741
44560
12097
12098
35381
67853
61481
49496
84779
25909
42821
42827
15281
33649
56937
41381
41382
38576
29393
29399
64674
55492
64675
87962
81594
19912
22723
78788
22726
13543
30461
30464
53754
62939
25916
10364
16738
24470
24471
42839
24476
38581
38586
73864
1995
1998
64689
78790
31913
78795
22731
21290
44582
67875
70689
11814
58699
10376
33665
47777
50589
38599
64699
87986
87987
13561
19934
31929
36854
30488
53771
44590
44593
11821
67887
16752
42859
50595
47785
87990
22750
36861
30490
27680
30493
36869
53781
53785
16763
16768
42868
73895
19952
31947
13583
36875
62972
62973
62974
11847
25959
16777
42871
33692
33693
33694
31953
22773
13595
19969
36882
11851
5016
25964
16782
56990
19971
19972
5022
16792
5036
5039
31983
19995
19999
11883
11885
5044
11889
5048
8232
31991
86107
5052
66003
8243
8245
6501
6502
66016
69204
49100
49101
75200
75201
9702
3333
75207
66025
69214
81208
72027
86133
5083
5086
5089
35005
61100
49111
49112
61106
3342
75217
8276
41008
55116
78408
6536
72038
86142
86143
61110
58301
9721
9728
3359
8280
64306
6540
81224
78416
86153
86159
18104
70304
4806
49131
49132
49133
49134
50200
50203
41021
50205
29037
29039
64316
55135
55139
81234
72052
87609
69247
86160
18114
67503
58323
49141
49142
67509
58327
61137
75240
9745
66065
50211
38223
41037
73502
73503
64327
87611
69252
69255
30110
30112
27306
53401
53409
70320
44228
35046
70322
4825
84430
9752
3384
66077
10015
33302
41049
64331
64333
1645
1649
55157
55158
69263
69268
30121
86187
30124
27314
18132
53410
44232
35051
53418
35054
76702
35055
58340
4838
49165
58349
84441
66081
3396
33312
33314
33316
47421
41051
50235
29061
41055
47429
38249
1652
29069
87633
78450
81261
78457
36501
27322
18140
86199
30136
62605
53422
76715
76716
76717
76718
67538
61169
84452
75270
9776
66094
10032
42505
42507
42508
38253
29070
47437
79905
73534
1662
1666
6592
22401
6593
72094
22403
69285
13222
22409
36513
27331
18150
27337
27338
44250
53438
85905
70351
58360
85909
67545
4858
61175
75281
75286
16413
75289
42511
42515
24150
56625
47443
41071
38262
38264
38266
50259
38269
1673
87656
78475
69293
19601
78477
22415
19607
18160
59810
27345
30156
62622
30159
76734
70362
4865
70366
58374
70368
49194
84477
51700
16426
39715
24165
56633
41080
29090
47458
29093
64377
87661
64379
87664
55199
87665
78484
81294
19619
30164
36537
30166
27356
27358
59824
18177
70370
35096
85929
58382
25619
10064
42530
10066
33357
65825
82740
82741
38285
73563
73567
87677
22430
27363
36547
18187
44282
67571
85939
58391
4884
67578
58397
58399
84492
84495
25625
60904
10075
48913
48915
65832
56650
47470
65837
24189
47475
73571
82755
14704
40800
87687
28815
28817
45737
62650
18193
36559
71837
27379
85941
44297
76764
67583
70396
67588
20707
11526
16451
60912
16455
16457
60916
10086
51734
51739
47481
14713
73588
73589
14716
87693
28820
31631
31633
28825
31639
45741
45742
13278
71840
45749
36566
71844
62664
59857
53486
67597
39755
47496
47497
14720
14726
22462
19653
22464
45752
27390
71859
76782
17915
17916
25658
42574
42575
48949
65860
65864
65867
56686
79971
82789
79979
23917
28844
22476
13293
54943
54944
45761
62682
20732
25660
25665
56696
56697
14741
23924
23929
40841
40845
19678
45776
45777
59881
62692
62693
59889
85983
17939
11567
34856
25673
48965
39787
65889
79993
14759
19688
54965
17945
11577
34863
23940
40864
31686
19696
54973
71897
17959
34872
25698
48981
60977
48986
51798
14778
28885
31696
28888
54986
17964
34884
34889
60981
23962
23964
14785
14789
54992
54998
20780
34898
40897
6218
815
816
17980
20793
9402
3034
9407
3036
17996
17997
3041
9416
834
84100
3052
9425
1318
6242
4501
70001
70002
58018
3064
3068
1321
1322
1324
64015
78122
6254
6259
58021
70015
67209
9440
84127
7700
64024
73208
64029
87312
78133
78138
67210
67211
58032
67216
4527
70027
84133
84137
33006
47111
64030
64031
73218
1349
78143
6276
873
70036
4537
67229
58047
3097
33018
33019
47122
47125
73221
73222
64040
7723
1351
64045
7728
87333
87339
78156
6286
27022
67230
70040
70044
76417
67235
84157
9479
42204
33023
47130
47135
1362
78160
36218
62311
53130
53134
76420
70053
4557
58065
70058
84160
58069
84163
9481
84168
16113
42215
39409
56321
64060
79617
64062
7748
1376
73249
87351
78170
78172
19304
19305
19309
36225
59513
67259
39412
39413
51407
33048
56338
73250
82436
64071
64078
87360
78185
22122
36233
27055
62331
27056
27057
68705
53151
68709
53154
53156
85627
58081
84183
25316
51410
48600
16137
48603
39421
48609
2834
65526
79630
56349
19325
54605
36245
71523
59538
76456
70084
70086
76459
70087
58098
11218
25323
84199
34508
60604
60607
39432
51426
74711
74713
56359
79641
7772
73273
31326
19338
77903
68720
77904
68721
77905
27075
36259
27077
62359
76461
70097
11224
34510
34514
34515
16151
51432
83903
39446
65547
65548
47183
7780
7782
73283
79659
40518
63802
22155
54624
45449
68732
77916
77917
71549
53185
59559
76473
11233
67298
34528
39453
23601
79667
40523
27091
45458
71551
68743
59560
85665
85667
11241
11244
11248
34534
51451
42271
51458
39466
65560
2874
2878
82485
79676
14433
40530
40537
54642
36285
45469
80745
36287
80749
68758
26801
76497
20435
34540
25368
16187
51463
74753
74758
2888
82490
32802
82495
28557
22188
45472
45476
36295
68761
59585
85684
26815
11261
26818
43731
52915
34551
25376
42293
83942
39489
65589
46925
19384
28568
63844
71582
68772
12711
68776
11274
43743
34563
25381
25384
83950
60669
51488
74773
83959
74776
15903
74779
46939
37757
19392
31387
19396
68781
77966
17651
11281
34571
34572
43756
34574
34577
51494
60677
57868
51498
74786
15913
14470
14479
37761
40573
46948
63861
28587
54680
28589
80780
80786
26840
26849
57870
60686
83978
23669
63875
21923
12749
503
508
20483
26858
20486
52955
43779
60697
60698
83987
15937
14490
37783
37784
40594
40596
46969
63886
12753
12755
513
26861
518
20493
26867
52961
20496
43781
83991
15941
9104
32867
23687
63898
21941
12761
523
52972
9110
9117
32872
46984
21951
52986
9121
1019
543
26894
52990
52996
9130
15976
15978
1022
87001
87003
87005
21976
4215
21989
4221
4229
21992
87026
572
76101
4239
9166
7427
7429
62003
76117
9179
79302
79304
591
599
59203
59209
4251
9185
9186
39102
2511
79312
45101
71206
71207
59216
59217
59219
76133
76135
4265
76138
25008
51101
39110
51109
39117
2520
65212
56031
2525
2527
2529
87060
31001
31002
87067
19014
19015
68400
68401
62030
62032
71217
85325
25013
25014
51112
39125
8902
74404
74407
56041
74408
56042
1092
1093
1097
19022
28205
54306
45123
5723
59235
59237
62049
76155
25020
25026
60305
48316
2540
74414
2547
65239
56056
2549
56058
82152
7470
79343
82159
40202
31029
45130
54315
54316
77601
5731
59240
85341
76163
4292
76169
25032
51134
83604
74423
83607
74425
74429
65247
56064
56066
82163
82169
7489
14114
87094
28223
37409
28226
80420
59256
85353
76174
20114
17306
17309
25045
48332
51143
51145
39152
51147
48338
8931
74432
65251
65253
2567
23307
14126
37412
31049
86805
71254
34232
34235
60333
60334
74445
79372
79375
23319
46601
37421
19063
72706
54348
77632
77635
59270
71265
5766
85375
76194
76195
76196
34241
52609
43426
43427
39172
48359
74452
65276
8959
79380
82191
14145
23328
46612
72710
63530
54350
69906
63534
54352
86823
77640
54359
80458
68465
62095
68468
12409
85384
17331
52612
52614
49805
49806
43433
60350
48364
74465
83648
2593
8966
2599
29706
32518
29709
23338
55806
31070
19080
28264
31075
63541
45182
54368
54369
45188
77657
71289
12414
85392
35701
49813
43441
25080
75911
25081
25082
43448
66731
83653
8978
15604
29715
14162
55811
55817
31081
28273
40267
72732
28275
40268
72734
54370
31089
63556
69929
54374
54375
54376
12421
17352
61811
52631
49828
66740
34277
57565
51194
74482
8985
15614
15617
23351
23354
40270
69930
72741
63561
69934
28286
86850
77670
80485
86859
44904
17366
43461
43462
52646
43463
75931
57574
57576
60388
83673
8990
74491
83676
8995
8999
15626
38916
41728
41729
29737
14184
55835
81931
28293
72754
54393
80494
30804
30805
21622
44911
200
44913
35731
17370
35738
17375
52651
20186
49845
60390
10702
60399
83682
15630
24815
24819
29740
41737
38929
14191
55841
32559
40292
46667
72766
30810
77695
12456
26566
52660
61844
52668
43486
75952
66777
66778
57598
83696
83698
15641
50920
41740
46670
81958
69966
13905
21643
18833
44934
35754
226
35755
49862
17398
43490
66784
15651
29763
23398
23399
81960
46686
81962
81968
13913
13918
86895
21650
18840
86899
21653
44944
26580
26585
61863
49872
52689
75972
66791
66792
66799
50942
38952
29772
32588
32589
81970
81971
72791
81979
72797
72799
21663
21664
240
244
35776
35778
26596
26599
52693
24856
50955
41778
32596
55888
13934
30852
30858
21679
35782
44966
10757
15681
24865
15687
29790
50967
38974
81998
44972
44974
35791
44976
265
268
61891
61899
10768
10769
15690
50978
41798
7113
7117
30874
21697
21699
279
38999
18891
30887
280
44998
24894
79001
13975
79007
30894
30897
85006
79014
13985
2224
88206
13997
68102
68107
5418
85028
48000
8600
2231
2232
8606
88210
54001
80108
85030
48011
54010
54014
54015
5434
5439
85049
57209
48028
8621
74122
8629
88230
79052
79053
88238
79056
79057
37105
54027
80124
5442
80126
85050
17008
43105
60020
57211
3707
57215
83317
74134
79064
80130
86507
5456
17013
17016
43111
43112
66401
3713
57222
66407
57225
48044
60039
2279
46303
63223
72407
6908
54044
17023
17028
57232
48050
57233
83330
48055
2285
32203
23029
46314
69602
37137
69604
63233
72416
69609
54058
77343
80154
80159
68167
5479
85083
26217
52312
52314
49507
49508
52318
3731
66423
66429
2292
29407
46325
37143
81608
54063
54064
63249
54069
5480
86538
80168
12110
12114
12118
35401
17040
35406
17044
43142
43143
75612
66434
3745
48072
48073
48074
83353
29414
41409
23044
29419
55513
46333
46339
6931
63252
63253
81619
69629
80170
86546
21300
12129
26231
61512
26237
61513
17058
52337
43156
75622
84807
3752
57261
60074
48085
74187
41415
32232
29423
29425
41418
64705
46343
81622
78815
37169
6944
54082
6949
86551
68190
21311
21312
12130
44602
44604
26241
35425
35428
70704
26249
17067
43166
84814
75636
57272
75638
83375
8692
83378
74196
24506
50603
32244
29437
64716
64718
55536
37173
78822
69641
69643
37178
78828
69648
77384
77386
18514
44613
35432
35434
44619
70712
26254
26257
49543
49546
75643
57284
57287
83381
83386
38620
15339
50615
50616
38623
23071
64721
55541
46361
64728
81642
78833
37187
37188
37189
72464
21330
77397
77398
12151
30519
53802
44620
44623
44626
17080
26265
17083
17085
61548
58738
75653
10410
57293
3787
10413
24520
24524
33709
47810
32260
38635
38636
29457
73917
29459
46373
55558
81654
69661
37197
78846
13600
69668
18531
30527
12164
44631
53817
53819
67921
26275
70736
84843
84846
75663
3795
3798
15358
41451
38646
38647
73927
32279
69672
72484
86596
36906
21359
12176
44645
26281
26282
70741
26284
26285
70743
84850
52387
66491
84858
66494
16802
66497
33729
24548
24549
50641
47832
41464
32283
55575
13622
69687
69689
22809
13627
13628
27732
36917
18559
12187
53838
35473
70756
52391
49583
67949
49584
49586
10445
42915
33738
15373
24559
41470
32291
29483
38667
73943
64760
32298
73947
69693
13639
30551
36925
53840
18566
35483
70763
35489
58772
84875
16823
16827
42920
42925
33743
24561
42928
15380
24568
41481
41485
64770
73959
78880
78884
21381
30567
44679
70773
61593
61594
70778
84887
42930
33758
24578
24579
15398
38680
47864
47867
38684
64780
64781
78897
36946
30575
53862
21398
44685
67975
67976
58795
11915
84894
16846
42942
47875
47877
73973
13664
36958
18593
44694
70797
11924
11928
10486
24593
24599
36960
67995
10493
42961
33781
42969
33787
73998
22869
27791
27794
27795
5102
16871
16873
36985
16881
16885
42987
22883
5126
42995
77004
77005
5135
8325
83009
83011
8337
86200
77021
86206
46002
72103
86210
86213
86214
5165
52009
46016
69300
69306
52018
3432
83044
29100
46029
81307
86237
5183
5189
35102
52020
52022
49213
66130
66133
3443
8370
15001
8378
8379
15005
15009
1706
46034
81313
6634
72136
86240
77060
5194
58401
58402
61215
84500
49228
66143
66144
75328
3458
83065
15015
15016
38300
29120
81321
78514
81326
81327
78518
86253
77079
44305
35123
52040
49231
84517
83071
8392
24200
15021
50304
50305
50308
41125
41129
55230
46050
46053
78523
6650
72153
72156
86266
77086
70417
67607
49247
52058
83089
50314
41132
1735
64425
46061
55247
86275
30211
77093
86278
53509
61243
61244
52067
75350
52069
75351
50320
47513
29150
47517
73611
38339
73618
1745
64438
46078
69369
30221
86287
27413
21048
53515
35151
44337
76803
44339
35157
76806
70435
58445
52073
49265
66184
3495
75368
41151
56708
29160
29161
73620
73623
64442
1754
73629
46086
72182
13319
86295
18240
21053
18245
27429
21058
44340
35161
4941
58451
70447
84550
49276
49277
9870
66192
16504
10134
24244
24245
15065
73638
78560
46097
6690
81375
78568
6695
69386
22505
6699
18250
18254
21065
18256
21069
44351
62719
44353
76824
4951
4953
67645
67646
4958
49282
75380
84568
75385
16515
39801
39802
39805
42616
24257
65907
56726
41170
38361
1771
82829
64463
73647
81380
87756
87757
19701
81389
13334
69399
45800
13335
19708
21072
36629
62722
59914
62726
62729
4960
70462
76836
70467
67658
61289
84573
9890
25703
25704
10151
10155
42622
42623
24264
24267
24269
50364
82830
73652
64471
87760
55299
81397
22528
45816
27450
36636
21080
21085
62736
44373
76841
70471
70474
35199
70478
11604
4979
11609
84587
84589
42630
33455
65922
33459
38387
82847
73668
78592
13354
30276
62742
71928
76857
67674
4985
58499
25724
24282
42649
33466
33467
56753
24289
82850
82857
73675
22544
13365
4992
76867
67684
67688
16551
39840
51833
33470
10189
33472
51839
24292
65945
50391
24299
82865
73687
40912
28920
19741
19747
22558
27480
27488
76872
20817
34923
25741
16560
16561
16564
39852
33480
42666
33483
42669
33487
65954
82870
14826
31743
19752
28936
28939
13386
27493
71953
59967
53595
53597
20826
11646
34930
34935
25755
25757
51850
65969
82881
56789
14833
14836
31752
28946
28948
22575
28949
31759
13399
45868
36688
62781
59971
20832
25760
25768
51864
40942
40944
28956
19776
22587
11660
16591
25774
34959
16597
42695
42698
65981
65987
65988
14851
14856
40957
22592
45888
71984
11671
11677
25786
39897
65990
65997
34970
34972
34978
51897
40971
31799
11693
14885
40987
20883
34993
8056
69007
919
9507
925
9510
75013
3145
1407
1408
81011
81013
6336
933
9520
75028
75029
8084
81025
81028
941
69038
58112
70107
58116
84213
84214
84216
3164
50009
81030
956
70111
67301
4619
75041
47203
73304
1439
87413
78239
81049
27106
70122
4625
3188
87425
69065
53211
53213
44033
53218
76505
67325
75065
33110
33111
33117
56405
82500
47225
38046
64141
1451
73325
73327
64145
87434
982
13013
984
27121
27126
62404
62406
53228
70141
76514
67333
58150
84252
16201
84259
75077
16203
33123
33126
56410
38052
79701
7831
79704
73334
73335
79708
7837
73338
87441
78263
87446
6391
69084
81079
6397
69088
999
13029
27133
85700
76521
67340
70152
58160
70159
9585
39501
42313
33135
2911
47241
56425
47242
82521
47248
82525
82528
64165
87457
87459
13032
44063
53247
76535
70166
67358
4669
25400
9597
9598
16227
51502
42321
42324
39515
42327
56432
65616
47253
56438
79722
7850
1484
73359
22220
81099
31409
45515
45518
62431
71619
53258
44076
76543
4672
70174
58181
58187
25414
51515
42338
2931
33158
56441
50072
82542
47267
82543
1491
79739
7867
64187
31410
87476
28603
45521
13056
80802
45528
68810
36348
36349
62446
85732
53268
76552
4680
58191
60705
39530
42342
39532
51525
48716
74812
33165
2943
65634
56451
2949
82550
82551
50087
7870
82556
79746
73375
14500
73376
14501
87480
14508
13062
54711
19437
45530
27171
36355
85740
67381
4694
11320
25434
60715
39540
74820
56465
14515
28625
19446
63905
22258
36363
36364
68835
53280
59653
71647
53284
85758
11338
25440
25441
57912
60722
42360
57917
51548
33184
33187
65654
33189
56475
47293
82574
14520
23703
79769
7897
14527
22261
19451
37817
63910
28635
13080
63913
31448
31449
22267
27190
68843
59660
36379
27196
71655
71659
76581
85769
76588
11348
11349
57924
42370
33197
74847
2974
56482
82584
23719
14539
19461
31454
63922
31457
28649
19466
45560
19469
13098
36384
68850
71664
62485
85777
20533
20534
26908
20538
16285
60747
42384
48757
42388
65673
74857
23721
32904
23729
31469
45575
36392
71670
36399
62494
17730
85789
17731
17732
20544
34651
60752
60753
51571
39581
39582
60758
42394
74860
42397
39589
79797
32917
14558
31470
28660
28662
28665
63940
37848
22292
19483
22295
80860
71681
80867
12816
85792
85799
25483
34667
25489
48773
74870
51589
39597
74879
65699
32921
14565
31482
37857
45599
71694
80878
71697
11382
17755
17756
34675
34677
51592
32936
14578
40675
63964
54781
80882
20577
48792
57975
57979
14585
40682
54791
26957
43874
34692
60791
32952
23777
40692
40694
37886
6011
12857
6019
26961
20592
20597
17787
17789
9200
23789
37894
37899
12861
12864
43897
32972
32979
23797
26987
1113
6044
26994
649
32990
1129
651
653
67006
9248
1135
6060
87119
67016
1141
1145
87124
4333
67027
67029
9268
7526
6082
87139
62107
67032
76219
42007
2600
56110
56117
73031
87140
36010
59302
59306
62117
85402
4352
4353
4354
42010
56120
