1121
4906
29474
32470
15233
43401
15234
15235
32479
11501
4673
11504
11507
18783
29719
4
43177
19209
8640
32711
9
32713
8643
22202
21789
32716
11277
22208
4913
39994
1134
39998
1135
29487
29489
15240
43410
42998
15244
43417
4682
4683
4685
5101
5102
11519
5104
43181
18799
43188
43189
32720
8651
22211
32724
21798
32729
4921
4925
1143
29499
15254
32496
32497
32498
43426
43427
4691
11524
5110
5115
5117
19220
29733
36461
29735
36463
36465
36467
29739
32731
32735
22227
4936
4938
36700
36703
36704
25779
15268
11530
29742
36470
36474
36475
29749
19239
22230
15508
22238
4941
4942
4944
4948
1167
15270
15272
43441
15273
25788
26203
36717
26209
8911
8915
11546
5136
5138
29751
1402
1403
1404
29756
29757
36486
32751
8682
8688
1175
1179
36721
25795
15284
15285
15287
43459
8927
5143
5147
1413
1416
29768
36497
1419
19258
15520
22250
8694
22252
32767
32768
9111
22256
9118
4964
4968
1187
1189
15290
36731
43463
15297
36738
26229
8932
8934
11567
29771
19262
1424
29779
1429
15533
43701
43704
15536
15538
22266
9125
4972
4977
1195
36740
36741
36742
26230
36743
19506
26236
43479
11570
26239
11572
11573
11575
22505
11578
22506
22509
5168
1434
1439
32781
9130
33201
33202
33204
43717
9134
22279
4987
5403
5407
5408
26240
26242
36755
19515
26243
43488
8952
8954
8955
8959
12005
29790
29791
29796
19288
15550
15553
33210
33212
43727
33217
9147
4991
4994
5410
11827
4999
5419
19520
36766
26254
36767
43497
11591
22520
8963
8965
22523
22528
12019
1451
43732
15565
43733
43734
15568
11833
5421
5425
5429
36770
19533
36779
26268
8974
8975
5198
12028
12029
1462
104
109
15571
26503
15578
33233
11847
5435
36781
36786
37201
19548
37204
26279
8980
37208
8981
12030
9402
12035
40203
1472
111
43751
33240
26513
16001
43756
43757
9174
9176
11853
11854
5443
5446
5449
36792
26280
19553
26281
37214
15822
9411
9412
22556
40218
15593
33253
16012
26525
43766
16013
26528
11862
33259
11864
11866
5450
5458
1723
1724
1726
1727
15833
9420
9422
9423
40223
22568
9426
40227
1492
130
133
1499
137
139
26533
26534
33264
9196
22802
22805
22806
1731
1735
37230
22573
22576
15848
40234
40238
5701
140
145
43780
26540
43783
43784
26546
19819
33275
44203
16036
16037
11883
12300
5472
12303
22819
5479
19580
19583
19584
37242
15853
15854
33512
33513
9443
23002
23003
23004
23005
12079
5711
159
26550
43794
44211
43798
44214
22820
5482
11898
22826
5485
1754
1756
37252
19598
37254
19599
37257
22590
12081
40251
12083
9457
40257
5723
5724
5726
166
168
19833
26563
33293
16054
16058
44228
5494
12329
1761
1762
1764
1766
1768
407
33530
33533
9462
40262
40263
23023
26808
9465
40265
9469
40269
5732
172
175
26573
37502
26578
37506
26579
22846
22848
12339
1770
1776
415
1778
26811
40271
23031
23034
26819
33547
23035
23036
5743
27001
44242
27002
27006
12340
12341
12343
12347
40516
9718
1780
37280
2202
1789
37289
9480
16310
40282
9483
26827
33555
9485
33557
40285
33558
9487
23045
33559
9489
23047
190
5753
5758
197
26591
19865
26593
37523
16083
44253
44255
27015
27018
22866
9722
22867
30012
1791
430
1798
2214
37299
16320
33567
23058
5762
5766
19876
44261
19879
16096
37537
27028
33801
22874
9731
30020
33806
9737
40539
30029
442
2223
446
449
2228
44503
44509
12600
12601
12602
5777
37541
37544
37545
44274
44275
27035
22884
12372
9741
22885
9742
33815
12375
22889
40546
40548
453
33580
16341
44511
33585
16349
12616
5788
12618
6203
5789
19890
27041
44283
44284
27046
22891
22892
22893
33826
33827
23314
12387
9757
40556
9758
460
2241
2244
2248
26860
44521
16358
12626
6216
6219
40565
12397
40567
23327
40569
30059
477
2256
16360
44531
34023
34028
40801
12637
6222
37571
37572
37576
33842
9776
16606
9777
9779
23338
30069
483
2269
16372
37813
26886
27301
16375
37816
37817
27304
34034
44548
12644
30301
40814
12648
6232
30309
37581
726
37584
27073
37586
2509
16610
38007
33853
9784
23343
23346
30075
41005
30079
2270
498
499
2277
26894
44550
27311
44553
37826
34044
40820
30310
12655
40828
6245
30316
40829
6247
2512
2514
27084
38015
27089
38017
9790
16622
23350
33866
16625
30082
41010
9797
9798
41012
30087
30088
41017
2286
37831
37832
44560
37833
44562
34056
6250
30322
6252
30325
6256
740
741
2520
745
748
16630
33872
16634
33876
44804
16639
30099
12902
41029
12905
44572
34066
44579
27339
23601
23602
12678
40847
23607
40848
758
16640
16645
33886
33889
41032
41033
34306
12913
41038
12918
37853
27341
37855
37857
44585
34073
34079
23610
45009
30340
6270
23614
13104
13105
6276
23619
2540
2541
2542
2543
38040
44823
23384
33898
44825
33899
34317
41046
6515
6519
37864
44597
27357
44598
12690
45016
23620
23621
23623
40865
13112
13114
13118
6288
770
2552
2554
2557
16662
23394
44834
12932
12933
41059
12939
27364
37877
37879
45027
45028
30360
40874
23636
6296
781
783
2563
788
38061
16671
27601
44842
44843
27602
27603
44844
27604
34332
34333
16679
41063
34336
27609
41065
6531
12947
6535
6539
37883
37884
27374
27376
38304
45032
38306
45034
41300
40889
791
2573
38070
2577
2579
16685
41070
44856
34346
27618
17107
34348
12955
30610
20102
2810
37890
2814
37893
27386
45041
27387
38316
38317
13140
16926
40896
13143
41315
2586
3002
38083
3006
38086
16690
38087
38089
27624
16697
16698
16699
27627
34356
12960
17116
41085
6558
27390
27394
27396
16934
41321
30398
30399
41327
3011
3019
17120
27633
34361
44874
44877
41092
44878
34365
17125
41099
30634
6565
20127
2834
38331
16941
23670
45068
13164
41332
41334
34609
13169
3024
17132
34376
34377
17139
6571
13401
12988
23916
6574
23918
30647
6579
13409
2845
2846
2848
38346
23683
23686
34617
34618
24105
41346
34619
6810
27651
27653
34382
17141
44897
34385
45312
34386
12990
34387
17147
45316
17148
45317
23920
17149
45318
6581
20145
30658
13418
2858
38354
23690
16963
13183
23696
13185
24112
13186
23699
24115
41356
41359
6824
3043
3049
27665
17153
27668
34397
45324
13420
30663
23935
30665
20153
30669
13428
20159
7019
45094
45095
16971
45099
27904
41364
24126
30902
27675
17163
45331
17165
27679
45334
38608
13430
23944
23946
23948
23949
20164
20166
2876
38375
27913
27914
27919
41376
34649
24139
30910
6841
6845
6848
27683
17177
38617
28105
45347
23951
28107
28108
13440
23954
20172
20176
13449
7035
2880
7037
2886
3302
38384
16992
27921
34650
17411
34653
16998
41386
3070
38620
45351
17185
28116
28117
13451
23965
41620
41621
20183
41624
20185
20188
3310
38395
3318
34661
34662
41391
34664
24155
6861
30936
3083
20428
45360
17194
28121
45364
34900
7050
3325
27942
27943
27944
27946
24165
24166
30940
13704
20432
6876
13706
30947
3095
20439
3097
3098
45371
38644
45373
45374
45377
13471
13473
23986
13476
24403
41646
34918
34919
13479
7063
31139
3339
24172
34686
17447
6885
6886
7300
7302
38652
38653
28141
45382
23990
45389
24410
34924
41653
7070
13489
7077
31149
3345
3346
24180
27965
45621
17454
45625
6895
20453
13726
28150
28155
45397
38669
28157
13492
24420
13497
24425
31153
41668
31159
3354
27974
24192
38908
24199
30974
28160
38674
38676
38677
28165
34941
34942
41674
7090
17705
24433
17706
41677
41678
7097
20702
3363
3369
45640
17474
45644
38917
38918
35133
35134
38919
28407
13743
30986
20474
41916
13749
20479
7335
31409
7338
3604
38686
38688
34951
41682
34954
17716
41685
31174
24446
42106
10208
17484
45653
35144
30992
13754
7340
13757
7341
41927
20488
7345
31417
3612
39110
38696
17721
34962
41694
34967
31183
41697
17729
42115
31188
42117
20723
10211
20728
10218
17493
38934
45662
28422
45667
38939
35155
35159
41933
13769
31425
31428
28193
39129
42120
45906
42121
31194
17739
42124
42128
10224
20737
20738
10227
3397
13
38941
14
17
45673
35162
35164
35166
41942
13774
41943
7364
7366
39130
45910
34984
17743
42130
35403
17748
42136
20740
20741
10234
7607
10239
21
22
38951
28441
45687
28447
45688
28449
24712
31447
14207
7378
3646
39141
34992
34993
24482
17755
35411
17757
24486
45928
20750
10240
7613
10245
7615
20759
10247
32
38963
28452
45695
35182
38968
28459
13793
41964
31455
31456
3656
39150
39151
39157
17760
39159
45933
35421
24494
45938
35426
10251
10254
10255
10256
10258
40
41
38971
28460
48
35193
28466
35197
24730
7390
31462
7392
3661
3666
39162
39168
17771
17777
35433
45947
35435
35437
31704
28471
38985
38986
39404
28479
39407
41983
31472
31475
42402
42406
14238
14239
10502
3675
10508
39178
17783
28714
35443
18203
17789
35445
35446
45959
10270
10271
7640
20789
7647
31718
3918
39415
41991
31483
41996
41999
42414
14246
10510
3684
3685
39180
39181
39182
3689
4104
39187
17791
17794
17797
35452
42181
18212
45966
18215
18219
21210
7656
31727
21215
10288
3920
3923
28491
3927
39423
31491
14251
24766
14256
31498
14257
42428
3695
39190
10527
3698
39193
39195
45971
45975
42191
45976
42193
35467
28739
18228
42199
10290
10293
7662
31735
21224
82
88
14264
42434
42436
7902
10533
10538
7908
4126
45985
28745
14501
31743
14503
31744
7678
14508
90
21238
91
92
3941
3946
3947
3949
39444
24782
42441
25201
14274
14275
35715
10542
7914
4131
7917
28753
18241
35482
45995
18243
35485
18248
35489
21242
31755
31759
8104
3959
14280
24793
14282
35723
24796
35725
25213
35727
14287
42456
35729
10550
10551
10555
10556
4140
4142
7927
4149
28764
35499
14521
31764
21252
21254
21257
39466
14292
42464
10566
18260
39705
18266
14530
31774
21262
21264
31777
21265
14538
31779
8122
21267
8124
3976
3977
39472
39473
39476
39478
35743
42471
25235
25236
10571
10574
7943
4168
28782
28785
28786
29200
39713
28787
39716
29205
21272
42712
14547
21275
8133
32204
32206
32209
8139
3985
3986
4403
39483
39488
18510
18516
42488
25248
42489
21515
10588
7958
4174
11005
4178
11008
18280
39722
28798
18288
39729
29219
14551
21281
31794
14556
42725
14558
21286
21287
8144
3992
3999
4415
39495
18521
42493
18529
7962
10593
21522
10595
21523
11012
4183
11015
4186
11017
39732
18293
29220
18295
39737
21290
42734
14567
42735
32224
32225
32226
10832
8159
10835
4421
4422
4425
4426
35774
25267
7971
14804
21534
4195
21539
39745
14570
29239
8161
8164
42749
32237
10842
10844
10846
10848
18542
36200
18546
35788
25277
7980
14810
36208
21543
21545
11033
21548
8404
11038
39752
39755
39757
29247
29248
42750
42755
15001
25515
14589
15005
10852
10857
4445
18551
25281
25283
14820
8411
11049
8419
29255
14593
14594
32250
25524
8181
42766
8184
32255
10860
15019
4452
25291
36223
14832
8420
21569
8425
8426
11059
29263
39776
29264
39779
25531
18805
25535
15022
32263
42776
8194
18809
10871
32269
4461
21805
4465
21808
36231
36232
36234
29509
11061
11062
32503
21579
4700
39780
39786
18814
25543
18815
42784
18816
25546
11300
4474
11304
29513
18589
19004
19005
21581
21585
32512
32513
8446
4711
39799
29287
18827
18829
42798
25558
32287
21821
21822
4480
10898
21826
11315
11319
18593
29520
18596
19011
36253
29528
19016
19017
14863
19019
14865
32525
22013
11088
32528
8459
4725
29292
4727
4729
32291
43220
15057
32298
32299
21836
11325
11326
4499
29530
29539
19029
25802
11093
25805
11099
4738
43231
15064
36504
43232
43235
15069
43237
43238
21844
8707
11339
19033
14880
19037
25810
19039
14886
15301
15304
15305
15306
32548
15309
4743
18855
15072
43242
15076
15077
26006
43249
11345
11346
11348
36280
1201
29557
19045
1208
14892
32550
15313
32559
4752
25590
18863
36520
43253
15086
25599
36526
26015
43256
26019
11354
8726
19050
29567
36296
36298
25833
8492
32564
15325
8496
32568
15328
22058
4762
4768
4769
18872
15092
29807
32800
32801
32806
8737
29574
29575
19062
19063
25840
15330
32572
15334
22066
22067
4777
18881
26032
26034
29819
32812
22301
32814
32819
19071
1234
1236
19074
29588
29589
32580
25856
25857
25858
22073
43516
15349
11617
18890
18894
29825
19315
29828
36557
26045
32824
22312
22313
8758
22317
22318
29597
1246
15351
25865
43523
33012
32598
43528
43529
11624
4799
5219
29835
29837
43294
36566
26054
26055
43297
11390
8760
11392
32833
22321
8764
32836
1250
15362
25877
22097
11630
11635
19333
29848
19336
32841
32843
32844
1267
1268
15372
36816
33032
36818
33034
43549
26309
33037
11648
29853
19341
36583
36587
26076
19349
37007
32852
32853
15612
8783
22343
22346
22349
9207
1273
36822
25896
26311
43556
33044
43559
5240
11658
1512
36595
36596
37010
19355
37013
19358
32861
32865
15626
32867
32869
9214
22358
40016
40019
1280
1282
1283
1284
1285
1289
15393
43561
26322
33053
15399
43568
11662
5253
5257
19363
1525
26093
29879
26095
26098
32870
32872
32875
15635
43805
40021
43807
9227
40026
9229
1295
1296
36841
19602
26334
36848
26338
11670
5262
22609
5267
29882
29886
1536
19375
37032
43812
22373
43815
15648
22379
11910
40036
33309
11915
5509
19610
19611
19613
26341
26342
36855
36856
26345
36859
43589
11686
22614
5271
11689
5275
5278
29894
1548
1549
15653
43824
22384
32897
15658
33315
43828
22388
33317
33319
5510
5517
43590
19621
43591
33080
43595
26358
33087
44015
44017
44019
5281
12111
5282
12115
12118
12119
1550
19392
37052
19398
37056
15660
37059
22390
22391
15668
40054
11931
5526
5527
5528
36870
19631
36873
36875
19636
26364
26365
26369
44025
22630
15905
5292
15908
12126
1563
201
202
37067
43841
43843
40062
9268
1802
1807
36886
19648
44035
44036
37309
15912
22642
12130
9501
9502
9503
9504
12135
40303
40304
12139
211
37070
26610
16101
33344
43857
40073
26619
40075
16107
33348
5544
5548
19654
1817
36897
44043
37317
44045
37319
22650
15925
22653
12141
40310
22657
12144
12145
40318
1583
2000
2001
1587
2007
43860
43864
16111
15697
33354
33355
33358
9288
11966
5558
5559
1824
19663
37320
19667
19668
37327
44056
22660
44059
12153
2013
2015
19901
43873
33363
40092
11970
40097
22905
1830
1839
19677
37336
22674
9533
22677
40333
33606
33607
9538
40338
5801
5807
2023
248
2027
43880
19912
19913
43885
19917
26645
16133
11986
11987
12404
5575
5577
1840
1843
19683
1849
19688
15951
44079
12171
40340
23100
22686
12174
22687
33615
12175
33617
12178
23107
5813
2032
2033
26652
26654
43895
44310
16145
33386
33387
11990
11991
12413
12415
6002
6007
1853
1854
37352
15960
15965
22694
40353
23113
33626
9556
40356
5821
264
2049
16150
16153
19938
44323
44325
33399
16158
16159
12421
5596
6011
6012
501
37360
506
507
37364
44092
44098
26904
33633
12193
9563
12195
23123
33639
40367
23127
270
5834
5839
277
2057
26673
26674
37601
37603
16165
44333
37606
44339
22947
40603
12436
12438
510
513
37372
517
15982
26914
15987
15988
33644
16404
23132
26917
16406
33647
9579
23137
281
285
286
26680
16170
16172
19957
26685
44341
16174
37616
27105
37618
44347
9810
30100
12446
9817
30106
2301
37380
37381
2307
37387
15991
37389
26923
33652
23143
33657
40386
292
2074
297
2076
2078
19964
37621
19967
37623
44353
44356
22962
9822
12455
12457
40629
30116
1895
1897
535
2313
1899
2315
37397
26930
26933
23151
26936
40393
23153
9596
9597
5864
2086
2088
2089
37631
27121
37635
16198
44368
27128
12461
33902
22978
33905
9835
6053
33909
6054
2326
549
2328
16430
26945
26947
23163
16436
23167
23169
44609
5872
12702
5873
12703
12704
2098
44370
27130
37643
27133
37647
27138
40640
9846
6062
23405
6064
40649
6068
551
2331
557
26952
23170
33685
16444
26957
33686
44613
16446
26959
33687
23176
12711
5882
5887
6301
12718
6304
6305
6307
19994
37651
37652
19998
27140
22993
12481
22995
12484
33925
40654
22999
6071
23414
6074
9859
30147
30149
6078
562
565
569
26961
33690
16455
33698
34113
12722
5893
6316
802
808
37666
37669
27157
33930
33933
23422
33935
40663
9868
30155
6084
571
2354
26975
37902
44630
16463
37903
37904
34122
16468
23197
44638
12732
6322
40906
6326
814
37676
40670
9873
30160
40674
16707
9879
581
2368
2369
26981
26982
16476
34131
44646
12741
12744
40912
40916
40918
6334
6336
6337
822
37681
828
2605
27173
37687
38102
38103
37689
38105
33950
9881
33953
33954
33955
33956
33957
41101
40687
41102
41104
592
2376
26991
16483
27410
26998
27412
44653
44656
27416
34144
12752
30410
40924
12758
6342
12759
6344
830
832
37690
837
37694
27182
37695
37697
37698
2619
27186
38113
38116
16721
9891
16722
16723
30181
23453
16726
23458
23459
41119
44665
27428
12765
40936
6354
2621
2624
847
848
27191
38121
27194
16734
16736
44905
33978
41123
23468
41124
41125
41129
27436
37949
27438
34166
34167
40940
12773
12775
40946
12779
23707
30437
2636
2638
38133
33981
16742
16743
37952
34170
44685
44689
27449
34177
12781
45107
45108
23712
12786
13200
30442
12788
30443
12789
13203
40958
23718
6376
13206
13208
2641
867
2646
16750
33993
33994
44924
44925
16757
23488
44928
34415
6610
37960
37962
27450
37963
44691
27454
37967
44695
27457
34186
40960
12793
23720
40963
13213
30455
13216
13217
30459
13219
875
16761
16763
23491
34420
34421
23499
6620
6627
27462
45121
45122
45124
45125
40970
45127
40971
13221
23734
6395
23738
13226
30467
881
884
888
2666
16772
16774
27702
27704
41160
41161
30704
37984
2905
2906
27476
27477
38406
40983
30474
13237
30478
30479
16785
34441
34442
41175
17207
6642
30717
2910
37990
37998
38413
23753
13241
30486
40999
2683
38180
44960
16793
44963
27728
6650
30722
6653
20211
30724
30725
6656
20214
20219
2929
45152
27497
45155
45159
30494
13254
41422
23769
30497
38193
38195
27732
17220
34463
17225
41194
41199
30731
6663
6669
2933
2934
2935
2939
38438
45167
23772
23775
13268
41439
3121
6907
3123
6909
27740
44982
34478
30740
20235
30748
38444
38447
23784
13273
24206
6910
6915
6918
3136
27751
27754
34482
45410
45412
27759
34489
45419
30754
6684
6685
20245
7104
45180
38455
38459
23791
45189
23793
34720
34721
41452
41453
41454
13286
13287
24216
13289
41459
3141
3145
3147
27761
34490
27765
34494
45423
13520
13521
30762
13525
30766
13526
20254
13527
30769
13529
20259
2967
45191
38464
45193
45194
38468
45198
34730
24220
41467
24229
6931
6933
3152
3153
3159
27770
17267
17268
17269
45437
45439
30770
30771
41700
30774
20263
30776
41708
7125
41709
2970
7128
7129
2973
38471
38478
34740
17502
24231
24233
17506
24238
20501
3160
3169
27782
17273
27786
38715
28205
28206
20271
30785
13545
13546
30787
13547
7131
7132
41716
20277
7133
31205
2981
2982
2983
2984
2987
3402
38482
3404
38484
34750
17510
41480
17513
24247
41488
41489
10002
3173
6959
3176
3177
27793
17281
38722
38725
38727
45457
20280
13553
30794
31212
30799
31215
2990
31218
2992
3416
34761
34762
41493
17525
24254
17529
20522
10012
6969
3186
3188
3189
38731
45460
45461
17294
28223
45467
28226
28228
13565
20294
7152
7153
31226
31228
7158
7159
3422
3424
24261
24262
34777
6974
3194
3196
10029
38740
38742
38743
45472
28233
28235
45478
13574
7161
41745
13579
31234
41748
31236
45712
45713
34788
17548
24276
45717
20545
10038
45480
45482
45483
28245
45486
45488
28248
13583
41752
13586
7171
7172
13588
14003
24517
41758
14009
17554
34797
35211
24285
35212
45728
24288
45729
35218
13822
6993
13825
7412
6999
7419
13594
41763
24522
7180
41766
7183
41768
7186
3452
3459
17562
45730
24292
35221
13833
13838
10053
20567
13839
20569
10057
28262
38775
38777
41770
31260
41774
7191
24535
7193
14024
41778
14027
3462
20805
20807
45741
28504
45748
35236
13840
13841
20576
10066
38784
3708
39202
17811
14031
31277
31278
42209
10300
10301
10307
3479
45752
28512
18001
17588
28517
18004
18009
20582
31510
20584
13858
31516
20589
7446
31518
21009
3711
3713
3716
28285
39216
24553
31286
24559
31287
31289
3484
10315
45760
17595
17596
45768
35256
28528
20590
13865
13868
21011
7455
10086
31529
3722
3724
39226
17832
24562
31292
24565
31293
17838
42223
31297
14057
20830
42227
3491
3493
10324
10326
3498
28530
28533
35261
28535
45777
35265
18028
18029
13873
13874
31530
10090
10091
24805
7463
7467
10098
10099
31539
39231
39235
35500
17847
14066
42235
42236
20842
20848
18031
28545
35273
28547
24812
7470
14300
13887
13888
24816
31545
31548
14308
3740
3743
39240
39244
17854
42240
17858
14074
42243
35518
20851
20853
7711
20859
7719
45793
18041
14310
24823
31557
21049
39251
39254
24590
17863
14080
17866
42253
14087
10351
10359
35290
28563
35291
35292
18053
28568
35296
35297
31562
24834
31564
7493
14325
31568
14329
3764
39260
3768
39266
17873
25021
28806
42262
42264
14097
25024
42267
20871
20876
10364
20878
7734
7735
20879
31807
7738
28573
18061
28574
18062
28575
18064
28578
31570
31571
24844
21060
24846
31574
31576
42503
42505
42509
3771
17880
17881
39278
28810
18302
25030
18303
25031
25038
7741
31813
20887
7748
21308
39514
28588
18078
24855
14344
24857
31589
21077
10612
39280
10618
4202
39282
17890
28826
20892
31823
21311
20897
20899
10387
10389
21316
28591
39522
39526
39529
21083
14355
21085
31599
21089
32019
3793
39294
4218
28831
18322
42291
42293
42295
28839
25058
31831
7761
31832
10396
31836
10397
7766
7767
18094
29021
18095
39535
18098
29026
29027
35800
35801
24874
14362
35802
24876
14366
42536
14369
42539
10632
10633
10634
35570
28845
35577
21330
21333
31847
21338
29031
39547
39548
42543
24889
35816
35817
32034
10641
10646
4239
28853
18342
35585
28859
36004
7780
31852
7782
21340
7783
21342
31856
8203
8204
39551
29040
29044
14380
24894
14382
25313
35827
25315
32046
4246
28861
35590
18350
25080
28865
28868
28869
36016
25089
14621
14622
36019
7793
7794
21352
31865
8212
8216
8219
29050
39566
14391
35832
14395
25322
35836
14397
42566
32053
35838
32057
25329
10662
10666
28870
28876
18366
18368
25099
14631
31873
21365
10903
39571
29062
39577
29069
35844
35849
32069
21600
10674
21603
10678
4262
21609
4269
28881
18378
36037
14642
36039
32300
32301
14646
32303
42819
32307
8236
39587
18613
42584
32072
18616
25345
42586
42587
21611
10687
21616
4275
11105
28892
18386
18387
39828
18388
39829
14650
14653
32310
21383
32313
32314
42828
10920
10929
4515
39599
18624
35865
18626
42596
43011
25359
10691
43016
10694
10697
21626
11114
21628
11117
39832
39835
29322
39837
14660
14661
42830
14664
42834
42837
21398
32328
10936
10937
10938
4523
29094
4529
29098
14900
32098
32099
43029
14904
21633
14906
21639
39845
29339
14672
36069
14673
25600
14676
8261
8264
10943
18641
35882
18642
18643
25373
25374
36305
14912
43038
14913
14919
39853
36071
29344
29345
36074
36077
42851
25611
25614
42855
8272
15103
42858
15105
4543
4545
18651
25382
36313
36317
14920
8512
14929
11146
8515
8517
36081
29358
1008
14691
14697
32355
8285
15115
32356
15117
8289
15119
10966
18660
25393
18666
43051
14937
11155
8525
29360
36090
36095
29368
36098
25630
25633
8291
8294
10976
4560
4562
29600
36331
29603
29604
43060
18678
29606
14940
36339
14943
32600
11162
14948
8536
11168
4801
39885
4808
42883
25642
15130
32375
15135
25649
10984
21911
21913
10986
4572
11404
29612
18686
29614
36343
43071
36347
36349
43077
14953
14956
8540
21685
14959
22103
11176
22109
4813
29384
1034
1035
39899
29389
1038
18921
25652
32381
25654
18926
25655
15143
43312
43313
15145
32387
15147
10993
21921
21925
11414
5009
36351
19113
43082
21691
11181
22110
22112
22119
4820
4826
29395
29396
1047
25661
32391
43320
15157
32398
21930
11424
5018
29630
29631
19121
36363
43096
36369
43097
14973
14974
11191
11192
32633
22124
11198
32639
11199
1051
1057
1058
15161
15162
18947
36607
8800
21946
21947
11435
11436
29644
19132
36373
19133
19134
25911
32641
32642
25915
32645
32646
32647
1068
25680
36612
25685
25688
43343
43344
36618
11445
11446
5039
36380
1301
19140
36383
19146
14990
14992
14993
25921
8580
15411
32653
15413
8584
9000
32657
32659
4850
9007
4854
1075
15182
15183
26114
36627
43357
21960
15189
43358
11452
8822
11457
36391
36392
19152
36393
36394
19154
1316
25932
32660
8590
25936
8595
22154
9011
8598
9013
22158
4862
4867
4868
1085
1089
18971
36632
15192
18979
26123
21975
32904
21978
32908
11469
5055
29670
29671
29675
25941
25945
32674
43601
9024
43608
11701
11709
18980
43370
43377
32911
11472
22400
11474
32916
22409
1332
19173
29686
19178
25951
25954
15446
25959
15449
9035
4880
4883
11715
5303
5306
18994
29924
43380
18999
26148
11484
8853
32924
11486
22413
32926
8857
5075
22418
5076
29691
19189
25963
32691
22180
22181
33110
32699
33114
33115
11722
4895
4899
5315
19420
26150
29936
43395
22423
8866
11498
1353
25970
15463
25977
43632
15468
36909
22199
9055
33126
11732
11735
5322
29942
36676
29948
15701
8872
32944
15706
32949
8879
5098
25980
43640
26404
26406
33134
43647
11741
1606
26173
1609
26176
37104
32950
15712
32955
32956
22445
1372
1374
26410
26411
9070
26413
9071
9072
9079
11755
11758
29964
1617
19456
37111
19459
15721
8893
22451
22454
8897
32969
40111
1385
1389
36933
26421
43662
33151
9081
43667
33159
11762
9089
11763
5350
5351
5356
1623
26191
1626
19465
19466
26197
15731
22465
40120
15738
40121
9323
40122
9324
40127
9328
1397
1399
36940
9090
43674
33162
33163
19708
43677
11775
11776
5361
22704
5363
29982
19473
32981
15745
40131
22479
40134
33409
19713
26441
19715
33171
33172
33173
33174
36959
33175
43689
26449
44106
11783
11787
5374
12209
29992
19481
1648
37142
37143
37145
37148
22480
33410
32998
33413
43926
5614
36962
43690
26451
43692
33180
26453
43696
36969
11791
22721
5386
12216
5387
12217
37157
9351
43938
40153
9355
40158
5622
36971
26460
33192
26465
19737
44129
12222
5396
12227
12229
1660
301
302
1667
309
37168
9365
33439
5633
19740
1903
19742
1904
19744
36987
37401
26476
44131
19749
44132
12232
12237
40406
12239
9609
40408
310
1673
1675
1677
15785
15786
26713
43954
33443
16203
33444
40175
9377
16207
1911
36990
19752
36994
36996
37410
37411
44140
44146
22750
44148
22753
40410
12242
40411
12245
12246
9616
321
328
15790
37187
2109
43962
43963
15796
9380
26723
16212
43966
16213
9384
26727
26728
9387
1921
19763
19768
37423
19769
37424
44156
44157
44158
44159
12250
22763
22764
12256
9627
40426
330
37197
33460
33461
40190
43976
43978
26738
33468
16227
5664
37431
37433
22772
22773
12262
22775
9631
22779
33707
9639
344
26747
26748
16237
12500
12501
12502
5673
19789
44178
44179
9640
9641
22786
12274
22787
23203
5911
2133
2139
43991
26755
43996
26758
33487
44415
44417
12513
5684
12516
1950
19792
1956
1959
44182
44184
44189
22793
23210
23212
33725
22799
40455
23216
23219
5924
2140
2141
369
33492
26768
44429
12529
6115
1960
37460
604
606
40460
33733
33734
23223
12297
9668
33739
40467
23229
5931
2150
5936
375
5937
26770
26772
37701
44430
37706
16266
12536
1970
1971
6127
1976
37474
37476
33745
23233
16507
9678
40477
40479
5941
5944
384
389
26780
26786
16273
44442
37718
44447
40714
30207
6138
6139
621
623
1987
16515
40485
23245
33759
40488
5952
393
2171
2175
2177
2178
2179
37723
27211
26799
44455
16287
27215
40720
9922
12555
6140
30211
9926
6142
30216
1990
6148
30219
37494
37496
2418
9691
33763
9693
16524
40494
33767
40496
16528
23256
5968
2188
37736
27224
44465
16299
27227
27228
12560
12565
9934
30224
30228
6158
642
2422
2428
2429
16534
44705
16539
23268
12800
5971
44476
12576
40744
6161
9946
40746
9948
23507
40748
23509
6168
650
655
656
2435
2436
44711
33789
44718
5986
12816
6402
6406
6407
27240
44482
37755
37756
12584
40752
13000
13006
664
23284
34213
44728
34217
5992
5999
12829
904
905
44492
44493
44494
27253
27257
9960
40763
6181
9967
9968
13013
30254
23529
2453
2454
679
44730
23290
44735
23298
23299
12834
6421
12838
913
37773
9971
9973
9974
6190
9977
13022
16808
6195
40779
6199
683
2460
2464
27503
34235
44748
921
924
27271
37784
37785
16812
40781
40782
9984
23542
13031
9988
13033
9989
30275
13035
13037
692
698
2475
27510
44751
16584
34242
44755
16587
34244
16589
17004
44758
17008
34249
30512
6441
30516
30519
6449
2711
2712
2716
27282
27283
27287
38219
9995
16826
30283
30284
9998
40797
9999
30287
30288
41216
2489
27522
16598
44767
34257
17018
30522
6454
6457
940
942
2720
27292
27294
27295
16830
16831
16833
23562
30290
41220
23568
2490
34263
27536
12870
23802
12877
20020
23806
30534
20022
23808
30537
6466
20025
2731
2733
957
2737
2738
38239
34506
44780
27542
34272
45200
17033
27546
34274
44788
44789
45203
12880
20030
30545
23819
13309
964
2745
16856
41240
13072
41242
34515
24005
34519
24007
6717
44791
27550
27554
17042
44796
34284
27557
17048
12894
13310
12896
30552
13312
23826
6484
6489
975
2752
23592
41250
16867
41259
17050
17054
17058
34299
23830
23833
30566
6496
13328
20057
984
38263
38268
38269
16874
13090
27802
16875
27807
6730
30801
30805
30807
27571
38501
17062
38502
38503
27578
38506
45237
13330
30571
30573
41500
30576
990
27812
17300
27814
34542
41272
34545
24033
41274
24035
30815
20302
20303
30816
20305
45241
17073
27586
28000
17074
27587
17075
28002
28005
45246
30582
30583
41510
20071
23857
13345
41514
41515
31003
38282
38288
34550
34551
16897
17316
17317
30826
20315
27591
27592
38525
17086
38528
28015
38529
13351
13353
30594
30595
13356
30597
41526
20088
41528
31017
3219
38298
27834
34563
41291
27837
34566
17326
17327
34569
6761
6765
30838
20329
45268
13362
31020
41533
23879
31025
3227
27840
27845
34576
17338
24067
45509
30841
20331
13606
6778
38540
45273
28032
38546
28037
45278
34811
23886
34813
24304
34817
24305
3234
27852
34581
24070
34584
34585
17345
24074
34589
35005
35006
20340
30854
20345
30858
45281
45282
28042
23890
34821
23897
34825
13386
34827
41557
3249
27861
45520
27867
34595
24084
17358
13621
13623
20354
6797
20356
13629
20358
7215
38563
28052
28054
45296
41560
13397
24324
31056
3252
17362
27875
17365
24096
35024
30871
20360
41801
20363
41805
30879
41807
20369
7225
38575
38579
28068
34845
41574
31066
20606
20607
3267
28307
41810
13643
30884
20377
7235
28072
39003
28078
34850
17610
39009
31070
24344
24349
31079
20611
10105
20618
10106
10108
27891
17380
38821
28310
17383
45551
27898
17388
38828
45559
30892
30893
13653
41821
30894
20384
31313
13659
20387
20389
7246
31317
31319
38591
28082
38599
39016
41590
17621
24352
41594
31088
20621
3281
10111
3285
3286
38830
35052
38838
28325
45566
38839
45568
28328
20391
20395
41835
7252
41836
41837
31326
7257
3524
34873
34874
34876
45803
34877
17637
45805
24366
45809
13900
13904
13906
10122
10124
3295
3296
38841
28335
35063
28338
35068
41841
7260
24604
7263
24607
24608
7267
31338
3531
3536
39031
39033
24372
17645
24375
42030
13912
13913
7500
13918
7506
38850
28344
45586
35077
46005
24610
13684
46009
31340
31343
7273
14105
24619
3543
39045
34891
17652
24384
24385
24387
35314
35319
7511
10143
7514
10146
10149
28350
45592
28356
28359
13692
46017
31351
7283
7285
31356
31358
7288
31359
3558
17661
45830
45831
17665
42053
35326
45839
20660
20666
7522
7524
20669
7525
7527
38872
28360
28361
28362
35090
28364
46021
46025
31363
24636
14123
41878
31366
41879
24639
7297
7298
20900
20902
20904
3567
39067
35330
42060
45845
42061
13942
20671
7535
10167
31609
3804
28374
28378
39309
17914
14131
31373
24646
3571
20914
3572
20918
3579
39078
17683
28612
18100
18101
28615
18104
42074
45859
18108
42077
13958
20688
31615
31618
10179
21106
38891
38894
3815
28381
46043
39316
46045
17923
41892
31382
24659
42317
20920
3584
20929
4007
4008
28620
17695
17696
35353
28628
13968
31624
7556
21116
39324
28397
24661
31390
31392
24668
31399
20934
3593
4011
3598
10428
4012
10429
4013
4018
39099
35360
28636
28637
35366
28639
42098
24901
13977
7561
7567
39332
17940
35604
24678
35606
14169
10436
7807
4023
7809
45884
18131
35374
18135
18137
13985
14400
24913
24914
13988
21133
21134
14408
21136
21137
3846
3849
39347
24681
17954
24684
35615
14175
42344
14176
42348
20951
25108
20952
10443
20959
18140
18142
28657
35385
18146
35389
7581
7582
14412
21140
14415
24929
8001
7587
8002
3859
24691
14180
17967
42352
25114
20961
7822
10454
4043
35392
35395
35396
35399
7591
31662
7593
31664
3864
39362
35633
14195
31900
7832
31904
31906
7838
18164
39606
39608
39609
24940
24942
24946
24947
31675
21163
14435
24948
21164
21165
8021
42607
8025
10707
10708
39376
17983
35641
28915
25133
18407
42378
10471
10473
4061
21404
10478
4062
21407
4068
28683
18173
28686
18178
18179
14440
21170
24956
42612
14445
8030
42616
8036
3883
8039
10713
3889
39388
18411
28926
18414
28927
28928
18418
20994
7850
10483
10486
10487
10489
21418
4079
28698
24964
24965
42623
42624
21184
10720
10721
3895
39394
42390
35663
25150
28935
35666
42395
31935
4080
7866
31937
10499
4088
29120
18198
29128
29129
35901
21190
42631
42632
21192
32120
21193
42634
14466
32122
35908
14469
32125
8055
8057
32128
4320
28940
28942
18430
28944
18432
35675
25168
7871
31942
14703
7875
14707
31949
4099
39640
29133
29134
39648
24983
42643
35916
14476
42646
42647
14479
10741
10746
10748
4334
35680
28953
28957
28959
36105
14711
31952
21442
21444
8309
39655
29144
29147
24992
35924
14484
25412
25417
8075
8076
32148
8077
4340
4341
10758
4342
4348
28962
35692
28964
25180
25181
31960
14726
8315
8316
39662
29152
25420
14495
35935
8080
8082
14498
32154
8087
10761
28971
18460
36120
28978
25194
18469
31970
21461
42904
21464
21469
18700
35941
42670
35943
32160
42673
8090
25434
42675
25437
42679
25439
10771
10772
21700
4369
29400
28988
18476
39919
14740
31981
14744
21472
31985
14745
8332
32405
21478
32409
4600
4601
39680
39681
4604
29179
35952
25443
42685
42686
43101
32179
21710
21713
11201
10787
4371
11206
11207
4378
39921
29411
36145
31992
32410
31997
31998
14759
8347
4610
39690
29180
29184
35960
18720
18721
42690
25453
25454
25455
43111
43114
10791
10793
43118
4381
10798
11217
18490
18492
29420
18495
29423
39936
18497
36153
29427
36157
21491
21493
21497
42937
42938
8355
4625
29195
32190
18735
18737
18738
25467
32195
25469
11220
11221
4393
21737
21738
4395
11229
39942
29433
29437
29438
36169
25703
32432
25705
42946
32435
42948
35981
35983
36400
35987
35988
36402
36403
18749
25478
36405
43138
11231
11232
21748
39950
39953
39956
29445
14780
25711
15201
15202
42957
8374
15205
32447
15207
4640
4646
18753
35996
25485
43145
43149
11242
21759
29452
29453
36181
1109
25720
14794
32450
14795
14796
25729
32459
8388
15218
4652
18760
25491
36420
25498
25499
43154
43156
11251
21764
21765
21767
11255
21768
11259
8628
39971
29460
39973
29464
1116
36195
36196
36197
36198
25730
25733
32461
42976
25736
15224
42978
25738
32469
8399
29701
18778
29705
36436
43164
32705
11266
32709
11269
4902
39983
