26462
4102
24991
37870
30955
40937
25288
13731
24972
15835
9250
30168
23106
24320
45119
45041
9308
27799
2902
37904
23955
22013
33413
43343
30418
43569
47089
1870
46353
19738
12391
6004
31488
14888
45528
28464
30502
24162
34082
3702
30616
27583
25470
4989
20069
46506
4083
46596
43150
46807
41451
996
103
7493
35471
13141
10284
4427
35128
38850
30878
35670
25810
3096
17406
40937
31653
5902
4807
12757
26331
5757
23288
36744
4670
9358
18356
35463
13692
29355
35363
17574
38095
10338
47483
9674
19648
20922
21942
41150
24380
11963
27117
11865
47179
33635
23490
12818
21414
30349
13629
46139
17925
13971
35671
39761
22355
6899
45440
7768
36884
8741
29517
43808
21884
34430
5959
36838
38619
39880
33105
23297
26860
25656
1383
31955
28198
46625
20588
24124
21760
6171
35187
44999
27879
23982
4002
8794
33213
47288
27641
1114
34116
8742
32618
32810
1237
43634
47240
16094
17472
13954
43812
39751
5482
5922
7678
9442
7906
39505
44482
29279
30206
2340
12269
4947
10418
18447
15632
22921
37767
15671
15367
2979
1857
42679
13036
14792
11794
25303
28707
43273
3432
19333
2833
34430
36838
5959
38619
39880
33105
23297
26860
7177
35095
42182
20289
31633
17041
42548
34373
46429
45275
21651
2349
25142
1575
42635
2130
3512
32804
42453
43053
23246
28907
22671
4056
5247
3805
34455
15569
5188
27523
31598
12723
47411
43797
44268
24070
35673
41819
34591
3884
27662
21626
21700
3490
19237
32544
40202
987
32774
39154
18157
27175
14667
38862
10527
9276
7961
35003
8568
27732
20086
18759
17845
12234
12256
1574
44057
