60198
98542
171292
88964
35033
145292
75224
165719
108948
109200
77959
108665
35697
132211
131344
59292
54976
142030
129542
172858
58226
63993
85282
108549
32618
142961
232
58898
17547
114818
37222
18242
73883
51166
29707
160186
148238
98230
110603
383
49060
122312
66651
170969
147193
137343
142254
95627
55590
62195
55379
146019
138718
5186
107248
65818
108441
110849
126155
78601
1821
5563
70521
116296
28632
36517
143519
122119
92346
134539
13523
150751
81139
3064
63530
95496
27029
151283
38343
2981
114167
6055
72959
12479
72939
115156
102051
98573
71290
143421
77394
82250
29595
123561
62861
66191
141498
55400
31008
125377
83858
141594
168922
69851
96519
35453
98260
77362
67271
78210
115232
9016
16487
126315
9026
169426
57810
130402
129588
128259
122358
136770
16774
109040
55144
171201
85955
19221
119876
136707
172717
148823
28888
24923
63597
114351
50738
137355
23108
160060
107271
11105
6282
96381
124738
171441
168283
99937
50047
166139
122657
131769
108760
42856
120199
122618
21158
168385
112249
152511
29192
166550
108450
28312
174261
132757
166752
152043
83644
174945
11366
42567
34977
47410
41299
164633
148059
61577
152785
110138
576
24937
71014
675
141780
21
159306
12159
785
70881
44405
76202
170078
173087
159903
39421
83185
148477
37605
85781
14028
60444
89817
149035
97373
328
382
112108
129028
105247
138410
76148
171297
129917
97330
169427
46108
84702
49231
43698
59777
78146
131490
104494
43625
158340
174076
98896
158848
16137
92908
47266
93615
117464
170325
129916
6531
26224
56864
65677
107165
142359
114546
34006
132780
47173
132595
77827
94504
74225
2467
13177
71443
127407
113138
62926
125023
171921
158647
107594
85390
4471
3585
63192
85416
46477
97866
51863
61920
121195
15269
150855
107656
113456
83192
28754
14553
72967
35316
130338
78466
26866
131346
85070
15154
139094
135020
74448
165569
63606
112073
159766
158359
88701
50966
29663
126494
104731
116726
99562
61378
23336
163278
141020
64782
164045
129728
149542
80986
21811
30560
30908
6340
64087
8926
26615
68347
119258
23454
38717
33097
25145
16819
42986
136695
19025
146694
134187
76956
168637
162015
169794
78203
111691
36893
151410
47402
92048
135005
33698
70458
94665
146835
131552
76721
102831
15105
54679
83925
100196
84873
152671
36032
156646
66756
24624
112338
77185
165124
119657
86098
116949
146474
48512
117458
169493
53477
37649
119469
74890
11927
23899
82646
90033
92564
55669
40125
108597
28400
129150
107707
133463
68897
66509
108728
123972
162172
165726
56952
118538
2238
131163
167523
148041
5327
117550
81409
97424
124735
23285
148767
94821
977
56257
38002
75746
139144
139646
91777
128417
73136
49531
118683
129396
88418
83833
13192
76062
75567
24715
1595
58189
105200
119494
31219
143584
173200
20439
41392
72955
122141
32743
68346
165821
40760
166218
86911
97963
143299
39847
37144
144632
119994
70624
58092
113399
103029
71544
2049
173174
40349
38417
139884
70573
1580
14799
75138
120953
50972
151432
163822
164842
6653
154630
83490
90844
10706
87140
94542
144148
18727
62416
161819
3319
76935
14145
126758
162316
164437
94498
163066
18374
133066
149464
91312
52694
19280
32103
46874
134948
146518
159208
134982
133933
171238
61431
33501
92759
87897
25561
171458
168470
24296
155108
135286
19754
84260
96875
80311
164588
93637
45850
28504
120456
530
122307
110909
149507
161584
9375
149990
166495
1312
133598
42767
34986
145344
110096
3894
149322
36144
70449
171587
171876
47242
139086
170365
109963
165890
76991
2736
73313
170224
69331
80193
26354
166366
77890
173979
112652
170506
115007
105449
44249
164179
22856
66693
104571
149414
76351
162821
168386
117854
1020
14330
40079
30345
13070
77511
2910
156783
97938
73956
10189
151214
38919
135996
103006
18377
49453
152923
168899
158412
11750
31347
64733
2885
138989
15016
9973
82793
135028
105311
19046
105626
149725
45513
146200
73552
124031
573
7885
29737
89047
107171
64777
13606
31508
141122
64367
158180
118610
94637
169192
78189
43428
81088
111042
23324
45390
75647
117174
39476
136267
28323
19441
102755
122860
123365
87615
5516
138888
15322
140261
44924
99796
168249
51928
66203
131450
118034
156069
82432
90176
136920
109700
7796
110393
168384
68428
145337
162062
23405
166982
140044
145367
128566
117250
126964
26608
26020
135391
33546
82353
42745
115881
155369
86548
123473
113910
170120
129494
50221
52831
118087
114610
145089
117546
111675
27399
162923
152590
52818
65311
105791
45175
60791
44866
169617
7507
88535
61985
123402
151927
45203
158541
43417
128202
69681
13552
66328
86963
73471
170881
151895
135843
4079
134096
117717
118244
78374
162976
122339
139573
116393
124362
2646
115984
170687
65583
174675
2661
66572
77491
28892
105612
68582
89598
96598
16142
141033
62898
163579
