72976
149671
71455
138384
60163
29411
148150
148158
169214
120912
8697
35780
8699
35784
45555
55326
174064
174066
44039
82756
138392
92520
60172
159452
60176
148161
18132
18138
120922
120924
120928
56851
45562
45569
34279
55332
174072
55337
174076
44047
65100
72996
19661
19669
92536
60189
159469
39209
56864
77924
34282
34283
34287
66637
66638
76402
44054
174088
19678
71487
159470
148180
60198
29448
169244
91021
91026
77932
55353
66649
174094
87707
76418
82783
71492
71496
120951
120953
45592
77940
66651
87711
82793
104826
159492
92564
92565
81271
92568
29466
29467
18172
169260
169263
169264
39236
39239
49002
49003
77957
77959
55379
87728
76434
65145
65148
86209
104834
104835
103314
29475
92578
29477
169271
169272
91053
91055
39247
39248
49016
66673
140514
66675
87734
55387
76441
44095
65155
104842
114610
92582
114615
103325
92589
39252
91068
120980
120986
140523
66689
104854
104858
125914
92591
103330
114627
29494
103338
169292
91077
120990
49037
130760
77987
66693
87754
10509
87756
150300
65171
76468
86231
86236
104862
96006
104868
125922
125925
124408
91085
77997
21807
97531
97534
65187
96016
114645
124410
39280
39281
113121
39288
49050
49055
130786
21811
109802
140558
161612
87773
65196
86255
135712
135713
135715
124426
39296
113138
49060
151859
140564
161620
172915
140568
109815
150334
20304
212
217
114663
135720
135724
124434
113142
124439
151860
151861
140576
21839
109821
10544
87796
161637
20311
97561
20316
160110
108303
160111
171406
108305
160114
160115
125962
103380
114678
113155
145506
172938
172939
20321
119604
119605
20328
108315
96058
125971
232
125977
239
135741
103396
103397
113162
124459
151884
140590
140591
42915
109848
161658
161659
3011
97582
171422
171424
3018
30101
30104
96061
249
114696
124467
156817
145522
151895
150373
119623
171431
41401
171436
97597
41405
41408
160146
30114
118105
135764
135766
145535
134245
134248
144013
4551
10589
31643
150386
171441
41412
41415
41416
108345
129401
30124
160158
129408
118119
135777
135778
145541
134250
113197
134255
155317
144027
21883
4565
161680
10598
150390
31653
52711
171453
119646
160161
119648
171458
108359
129414
272
277
145550
15522
134264
134269
144030
144037
21891
21892
4570
161690
4576
172985
161691
31662
31666
20371
52723
20377
171464
119657
41437
108367
51200
282
26821
145560
26825
134279
144040
155336
144041
14016
172993
3064
20388
3067
52739
30151
41447
129430
160186
160188
295
26835
145572
156869
145576
155341
14026
14028
4593
4599
3072
52745
3074
52746
171487
108385
62513
118156
118157
51229
9524
15554
166640
36610
47905
47907
155352
36618
155356
8000
165121
14039
165124
165126
165127
31690
42986
31691
31692
3080
171492
108392
3089
171498
73815
73816
129452
30176
51232
62529
139223
145592
15567
155360
25335
144073
155369
14048
35108
52761
119697
62533
73829
30188
72303
61013
149001
149002
149007
26862
26866
15573
9545
100709
47927
166667
166668
25346
144089
14057
46405
8029
165144
30190
83602
51257
83606
118188
139242
72315
149010
26875
9552
26877
100717
9555
47932
36645
14060
144094
14063
25359
14066
35121
35123
41494
41495
51263
129489
51265
83615
51268
139251
51269
61033
61039
15592
100728
100729
47946
15599
57711
35132
129490
62561
94910
73859
129494
51270
129496
83626
139263
139267
19000
149033
82106
149035
19004
82107
149037
100737
47955
166696
25371
57720
36668
57722
46433
46436
165178
73860
73863
94922
51284
94928
83634
93401
61053
9582
9584
47962
25381
36677
8062
25387
8065
46442
35152
67504
56212
73875
73876
83640
51292
83644
19025
149058
9594
100758
36680
47978
47979
110523
25392
78802
78804
35164
165198
73880
73883
73884
62590
62598
72363
139296
61072
93424
93425
19039
110530
36691
110535
46462
46464
78815
67522
66003
61085
149072
82143
19043
19044
19046
19047
8090
8091
110549
8098
78823
120316
46477
67533
67534
77303
77307
83671
72382
61090
93445
19054
120320
131618
78838
56257
77311
1928
94979
82165
100798
100799
57784
46491
99903
56261
130107
130109
77324
94981
105725
93461
104206
110572
142923
57794
99919
56277
130117
77332
88629
105738
82184
104218
82189
121875
142932
142933
110588
99923
99929
56288
88636
66054
1955
87110
93485
93488
82196
78875
67580
67585
99937
66066
1965
66069
105754
115521
93495
114000
131663
12927
131669
152724
67594
130140
11403
11404
67597
130144
11409
88656
77362
66070
77366
1972
98424
87139
115531
104240
104243
104244
125303
125305
142960
142961
12934
12937
131675
120380
152731
78892
22700
120389
22705
152738
11413
88664
77370
88666
151214
87140
115546
104257
125312
136609
114021
12947
131687
152742
11422
11423
173804
141458
88672
141459
162512
66094
66095
105784
126844
147900
115555
115558
136615
114037
6920
142985
6929
173811
99973
99975
173815
11435
162520
173817
77394
98453
98456
98457
161008
87169
105791
105794
105797
147915
115569
125332
136628
135102
6931
142997
6939
99980
152767
162531
130184
162534
162535
88697
21211
21218
109200
87171
161011
172308
161019
104282
125343
146405
135118
5426
11455
43804
130194
130198
162549
151256
32519
21225
109211
109214
98479
109216
87186
115582
126878
147937
17909
104299
157703
157707
114067
146417
12984
12986
22752
152785
5431
5434
141498
173846
32520
151261
151265
21235
98487
161031
109229
31008
126888
147946
136654
157716
146427
6961
6962
6969
152794
173853
43822
11474
32530
32539
21245
98491
98492
42300
21249
42302
42304
42307
31016
126895
147952
136665
17928
136668
125376
125377
16401
146436
16409
156208
173863
173866
11486
151283
109240
42312
161057
17935
114091
146440
135157
156212
156218
173873
32551
43847
162586
64909
42321
53616
53619
31032
42329
125393
157743
146452
27716
135169
156224
22794
43855
162593
64910
173889
21271
32569
64918
172362
31044
52101
119032
17952
136694
136695
27725
16432
16433
167520
167523
135178
26205
166000
166006
5482
53635
42343
161087
63404
52111
119041
63408
63409
119049
147993
147995
17965
17969
27734
157768
146474
167530
135183
37500
135186
156240
166010
5491
32584
64932
53645
42351
172383
31063
109288
74709
63414
119050
63417
52127
52128
119059
15
27740
90844
146480
135196
37514
26224
166023
64947
172392
74715
119060
52133
119068
21
90855
90856
27756
146496
48813
146499
167556
48819
37527
166038
36007
64951
53660
53664
63431
119071
52142
63438
73201
32
27764
157797
16472
167569
26245
166043
47307
64967
53677
84502
84503
119089
45
112904
112908
16487
48837
156282
37545
37546
58604
166059
36027
53681
42390
42398
63456
63457
52165
52169
55
56
59
27785
90888
167583
37554
69902
26261
156293
100101
58611
100109
36032
53690
74750
63464
63465
52174
84529
83007
68
27790
27793
90896
90897
37561
37567
69916
26274
58629
166079
64991
64999
74763
84530
95829
84536
52189
73244
74
101645
48861
122703
69920
37573
37575
100121
111418
26286
47341
47348
68404
57115
74776
95831
73250
82
101654
122711
122716
48877
69935
58640
111427
100134
26297
58645
58647
47354
47355
68410
47359
36064
57121
74783
74784
63490
95848
94320
94328
94
112955
112956
101669
48886
37592
48889
37598
111439
47363
58659
36071
47367
36073
36079
68428
68429
84564
73279
94332
83040
83047
83048
48890
48892
111440
69951
58660
58664
79720
47373
68430
68431
47378
68435
36089
78202
78203
2814
2817
2819
95866
106608
94341
94344
112974
122745
69961
143802
111454
100160
58671
132512
100169
68440
121226
68446
78210
2820
78217
117900
117903
95872
95873
117905
106613
94351
94353
112985
101697
143812
100174
100176
47394
79742
47395
131001
78220
78229
1312
1313
117914
95885
1319
106629
83070
83071
143823
100182
143825
69987
132535
121245
79755
142300
68465
57171
89523
89524
78231
78237
2841
106633
122773
122774
111482
111483
143833
13803
13806
100196
100197
132546
132548
153603
142312
68473
57185
89533
78240
89535
2856
99305
99306
99307
2859
94387
83095
122783
111490
122789
13812
143848
121269
68487
88025
117944
116423
105134
143852
13823
121270
121273
164917
121279
142333
12309
89556
99320
78268
106669
127724
127727
143863
13835
7807
132573
164923
79791
164927
121285
23602
142348
89565
78274
163408
78276
2885
88044
88048
117965
60804
60808
105153
7818
23610
153643
121297
34909
142351
174700
174701
142354
142355
142359
89573
12328
163413
78289
88051
99347
106685
106686
127740
116459
126224
126227
143885
132595
153652
153657
174712
78293
163428
152134
22105
99355
99358
117985
116461
127758
126239
136000
136009
143893
7838
174720
153667
142373
142374
142378
163432
89598
163438
173200
99366
99368
88074
88075
117994
117999
60834
60837
105180
148823
126244
147305
7847
34930
23640
153678
44703
152152
22124
173213
88082
88085
60841
60842
60843
18808
126250
70617
126255
158604
136022
136026
136027
136029
7850
7852
164970
13886
164971
34946
142390
174741
153688
6338
33420
163452
81915
81916
116499
137553
70624
169902
126264
169908
7862
13891
7865
153692
6340
12373
174756
33433
152171
22144
43207
60860
60865
127798
137561
18824
70633
148858
169913
126274
169917
126277
126279
80404
136041
136046
23673
23674
33443
152186
43215
43216
81930
70640
137570
158634
17311
80416
136051
17316
157110
157119
7885
7888
34970
23681
34977
174778
44746
65801
163487
54510
152199
54515
60886
81943
18846
137584
70656
169934
126294
91714
39906
158645
147350
80422
126299
158647
136062
157121
157125
7891
157129
34986
163494
54522
65818
43231
53000
53008
137591
158651
169947
39915
158653
28626
91729
90202
157133
157134
44768
54537
173276
43245
53014
169951
28632
169959
28633
147370
17343
28639
168431
168437
27113
157146
27116
44775
65831
22193
22196
22198
64312
70680
70689
28645
49703
168442
136095
49708
136099
157154
38417
27124
27125
44783
65840
65841
65842
65845
65849
75615
75616
81985
28652
91755
28653
91756
17360
147392
168450
90230
157165
90238
157169
86911
43272
54568
43276
53042
74103
81999
18897
169982
158692
158693
17370
80473
158699
102509
27143
157178
48200
54572
86927
64341
64342
64343
39961
28671
91777
102514
17382
28679
168470
49738
38443
157183
157185
38449
59509
48215
43293
75647
43299
64353
96703
53062
85416
74122
91783
91784
80494
102525
80495
49740
49743
90260
27161
90265
38458
59514
27168
48222
101009
65888
75657
96713
64367
53072
53077
85428
102530
168493
38461
112301
90271
168495
38465
38468
90279
58009
65898
65899
64377
96725
96726
96727
74140
74141
901
74147
123601
49769
27181
38478
48248
69304
69305
86962
86963
96735
85445
74152
134902
123614
112321
69314
160813
75687
96745
924
102567
38490
112338
101048
101049
69320
69329
58036
86981
85463
96759
95237
134926
112346
48271
59568
69331
122119
69336
3717
3719
160833
96760
107500
96765
85475
85478
85479
95248
113875
102583
134932
102588
59576
48282
122126
69341
96772
118806
952
954
74195
102591
123652
134948
123658
112365
144717
48292
48296
69355
3733
30820
3739
96782
107522
170626
170627
85493
113899
134959
133435
122141
30831
118821
170631
40601
118825
118828
107533
974
977
95279
106017
112380
133445
69374
58081
69378
160872
30844
107541
2237
2238
980
40619
981
95281
95285
134974
112397
133456
143221
154517
58092
143227
3766
160885
170653
118847
170655
2247
139909
128614
117327
134982
134984
123691
133463
143234
143239
79160
79168
30866
30867
51922
170661
2256
51928
51929
170667
139916
128626
106045
127101
127108
134996
134997
8702
14733
133471
165821
154536
13211
143244
143245
13214
79176
30875
2261
170670
2262
40642
118866
61700
139924
50415
117344
138400
106053
106055
127113
127115
144771
8710
165831
8719
24514
164311
153020
79182
2272
2276
51948
170686
170687
107588
128647
128648
117353
117354
138410
149708
127126
144781
14750
133494
35811
7206
13238
23000
51952
118882
170694
40664
40665
107594
61724
61726
149715
117369
106076
138428
60206
60208
8731
35824
143278
34301
34304
23011
174107
2292
118898
139956
50443
117377
149725
71504
71506
71507
127142
60213
106089
127143
60216
148200
14778
143288
13256
34311
153050
153056
51970
61740
128671
50450
50451
117383
50456
138440
117389
138443
19706
159500
127156
148211
148214
8756
165871
14788
24558
13264
143297
7236
143299
164354
13269
164356
153061
153063
34329
174127
51983
40695
117391
82813
82815
117397
149747
82819
19718
19719
71529
127168
148224
70007
8764
14794
165883
8769
14799
165884
7241
56915
7243
13274
45623
23040
174132
174135
174138
61764
149753
82826
71531
138468
159524
81305
70012
148238
165890
24574
56923
7252
24578
7254
56927
164372
164373
164375
55400
23053
44119
50484
50487
82836
71544
60256
29501
60257
81311
18211
92609
148246
18219
158011
56931
13291
7262
7265
66701
66703
34356
23063
55415
55418
61784
50494
50497
138480
71552
19747
138485
127191
148257
169313
158026
45650
45655
23071
55428
61792
19754
18230
92628
18233
148267
18236
169321
169327
158032
28003
56952
7281
34370
23087
174176
44147
82860
82864
82867
19764
19765
19766
19767
92631
92635
81344
18242
70051
169335
91111
70059
39307
91117
56962
56964
130805
7294
56967
56969
66734
23097
55446
44156
104903
60292
81353
18251
148283
81355
148288
158053
56973
130813
56975
130815
45683
45684
45686
45689
55457
65220
65222
19787
71595
159581
92655
81364
92659
70071
70072
70073
70079
56981
130829
66756
87815
65235
75001
82896
29562
159599
18279
169364
158072
49107
130831
130835
140601
140603
55473
44188
65245
86309
114700
114704
103411
103419
18288
169373
151906
140619
76540
55487
87835
44194
65252
44199
86311
97606
103422
103423
103424
103427
18296
91162
91169
49124
66789
87846
76559
86324
114728
103434
29595
92699
29597
169391
39363
39364
169398
113205
113206
113208
28078
49132
28079
130866
151927
140638
87852
87856
87857
76564
150407
86336
86338
75045
104967
104968
114731
114733
124503
39370
39372
28087
49142
140644
10613
21909
161700
86343
75052
114747
135809
113221
49151
49154
151946
140654
10628
109906
76582
76589
97645
86351
75063
104980
96124
96125
96129
303
306
307
103469
135819
49164
140665
87888
150439
75070
104999
313
318
103477
123016
151968
21937
140676
10648
150440
87897
20412
86373
108405
160215
86379
320
325
328
135839
145602
123028
151973
4622
140685
31710
31715
20420
150454
150457
119702
3103
97673
3104
160220
108413
160221
3108
86383
86387
75099
96156
135842
135843
135845
135847
156907
49194
49198
151985
21958
161754
31723
109947
109948
20432
150464
119710
119712
150467
97683
119715
20439
30202
160234
341
114794
123045
31734
20445
119724
171538
160244
108439
30217
96174
358
156923
156925
156926
123059
144113
161770
10685
109963
109964
109967
20451
161778
171542
108441
41516
129501
41519
170021
129509
118215
118217
368
135878
113296
113297
26909
166707
123065
166708
155413
123069
21986
21988
109974
10699
31753
150490
150491
119741
20466
108450
52818
30232
41528
30235
30237
96195
96198
170038
15627
15628
166714
155420
166719
31765
3152
3153
20478
108465
129523
128001
382
383
26928
15633
145666
9606
134373
134374
123087
144141
25406
155439
144148
165209
4682
31772
52831
20485
119764
171572
20489
41543
108474
41545
30253
108477
129538
118244
118247
51319
139301
139303
393
145674
15648
166735
166736
166738
155445
25414
14122
14124
14128
31780
171582
20498
52846
52848
171587
41556
129542
160299
128023
26948
145685
26949
166745
134398
8101
8108
165224
31791
171590
41564
30272
30273
73919
30279
170078
156981
15662
15665
166752
9639
155467
25436
144173
8114
14145
165238
119792
3197
119798
3198
41575
73929
129567
51345
40050
72405
139337
61115
156995
100805
26968
9648
36736
155475
155476
25445
46500
8127
52874
73931
30292
30293
129579
51358
40069
61124
61128
149111
149119
9651
9654
100817
15688
166774
36745
8134
14166
8138
35224
73940
73941
118291
129588
118294
40079
9661
9662
100826
57810
57811
155495
8141
25468
8145
57819
165264
175035
45006
129590
73956
40080
83723
40089
128076
82208
110603
110608
25475
57825
8154
35241
165274
62672
51383
40094
128081
40099
61153
93502
93503
93504
128086
149143
82214
19117
100842
121900
36775
25481
8162
8164
165280
14199
35253
175052
45025
73976
62689
51394
83743
72454
93510
61163
139389
149152
82223
100856
36780
121918
110626
25495
78902
35265
72460
139396
149162
82235
149166
92004
36795
46560
78918
67629
175073
175074
175078
73993
73998
83760
61186
61187
61188
19140
121936
131705
8196
78928
67636
56346
77409
105802
72480
105806
72484
72488
82250
149186
19154
149188
121941
46586
56352
35299
88701
56356
66128
83788
93551
72499
149192
93558
19166
19168
100891
100897
110660
110663
110666
57884
46593
120434
46595
67655
130203
45079
66136
93560
93563
19173
19177
92043
92044
92048
121964
110675
131730
131732
141500
141502
45084
77432
45088
77439
87200
87204
105836
115602
104311
82283
93579
104316
92050
92057
110688
131743
120453
78963
120456
78968
77440
66151
77447
77448
66157
87210
66158
98508
126904
19194
92060
19199
121981
67683
67684
56392
56396
56399
66162
66165
98513
66167
98515
87220
98518
92076
131769
152825
11502
11503
140018
98528
105867
126921
115635
115636
114118
78991
88760
77471
66180
151316
140028
98537
87245
87247
87248
97017
115641
126937
104350
125412
136707
125413
22810
152844
22818
130265
151321
151323
66191
98542
151328
151329
66196
87250
105889
126943
115652
136710
104362
104368
114134
131790
141565
22828
77491
151333
77495
77496
140044
10013
161101
161103
87269
161109
105891
105896
105899
115665
104375
125432
125437
114149
135205
22831
152863
11540
152867
5514
141576
5516
88794
88798
32606
10020
10021
98567
98568
10027
161113
161118
126960
126962
126964
126967
126968
136731
136739
135215
22840
5525
173935
141588
141589
173939
130299
32615
32618
32619
98573
10037
4008
172418
97055
115687
136746
125457
114167
146518
22850
22855
22856
173941
5532
141594
141596
173946
11566
162651
173947
173948
140071
10041
140074
21337
161130
109323
97066
115691
115693
114173
146526
152891
173950
11570
5541
152898
11574
43922
5548
32630
162664
43929
32638
98592
4024
98595
4025
10055
109334
42405
42406
97073
97078
126998
125472
136768
114185
16504
135248
145012
22874
173961
5556
162672
43936
43938
151384
32648
53702
140097
161150
109343
10067
4039
161154
97087
97089
136770
136776
90902
157831
146540
27804
90909
145024
145028
5563
11595
43945
173979
43949
151394
32657
21365
53713
21366
109350
4044
42422
4047
172459
42429
97094
125495
27812
146555
146557
135263
156325
145032
145033
32663
21371
32667
42430
21379
172465
161171
42435
109365
42436
42439
161177
52203
52206
136795
90921
157853
90927
27826
135275
16538
167625
167626
156333
156334
145043
145046
15016
173995
5586
43967
53739
31152
31156
63506
119146
157862
157863
27834
135285
135286
37605
26310
156344
145053
156349
166111
15027
4070
4079
63511
31164
119150
27840
157876
135292
156351
15032
15033
26329
166120
145068
166125
53756
63521
52235
62001
62004
90952
157886
157889
27857
26333
145074
9016
166132
36102
166139
36108
43991
43995
63530
74826
31186
119172
52248
62015
90961
90965
90966
48921
167662
37630
47401
47402
9026
145089
53779
74835
63540
31194
63543
119185
119187
73313
27872
27876
27877
16584
16586
26351
37649
26354
47410
145099
36124
53780
53786
74843
63554
52265
95909
84615
119198
62032
62037
90983
27881
90985
16591
48941
58711
156395
58718
58719
9048
36131
47429
63562
84621
84622
73338
62045
62047
101738
48957
111508
58725
58726
100217
15085
36140
47439
36144
57201
36149
63573
63577
62050
94405
83114
101740
122801
101749
58730
37678
9063
100226
26387
68501
95930
95936
84642
73354
101758
48976
48977
111522
111523
48979
9075
47458
166196
110005
68519
74882
95941
63594
95944
63597
95948
83136
111535
111537
100242
111538
9081
100246
47464
110010
68521
36176
68526
67002
74890
84662
95959
62080
62083
94437
83142
94438
111545
58764
100257
79820
100258
79822
36181
79824
36184
57245
78301
2910
2917
95961
95969
84675
84676
84678
83154
101785
122842
122844
122847
36193
36194
57255
78313
95971
83164
101796
101799
111560
132629
110040
68550
47499
110049
57268
78327
78329
95988
84694
84696
94462
105200
83173
83174
122860
122869
132639
110052
68567
68569
57274
89623
142409
89626
106738
94474
83183
83185
13905
13906
79865
79868
68575
142415
68576
57283
78341
67050
106742
1439
94483
83192
122889
143942
143944
111599
143948
132656
132657
121363
132659
153712
79877
68582
57299
78359
88120
1448
94498
115002
115007
122898
121375
79885
142430
12401
110087
142435
68599
89653
89656
89658
78363
67071
99420
99422
88130
67078
116534
116537
116538
105245
105247
126304
7903
143965
7905
143969
132675
132676
121382
121384
79899
110096
89661
131157
89668
163508
78374
152214
152215
2981
78378
67085
67087
99439
1465
106776
137608
126315
115025
13947
121395
142450
23715
174802
131163
131164
12428
163514
152227
2995
67096
67097
88158
1479
60913
148906
105265
126321
115033
7921
13951
13953
143988
13958
132696
12430
142462
23727
131172
6409
78390
22203
152235
99459
162006
1481
106794
106798
127854
60928
127858
105272
148916
126330
126331
115040
126336
143995
13967
23732
6410
131181
163530
6418
33501
89697
163539
99462
173308
162015
116571
127867
70700
137630
70707
126342
126345
136117
7947
23744
174833
163544
44808
22220
152253
173319
88188
88189
127877
70711
70712
18906
158701
158708
147413
136129
7959
142493
12461
142494
23758
174844
142497
44814
174847
99486
88193
162037
116599
148947
147422
147423
7963
6440
23767
174852
44821
23769
12479
163567
33537
173330
173331
99492
152278
162042
32011
162049
148950
137661
137663
18928
115086
158729
147434
17402
7971
7974
7975
7977
12482
33546
163579
22254
43314
148960
70747
80512
158738
80517
168503
168507
168508
7982
23785
174872
44841
174873
12495
174876
65904
173351
54614
22267
54616
162062
70752
137681
137683
70755
70757
91810
158741
28716
168511
136166
7997
174881
174882
44851
174887
163593
33566
173362
32042
162075
162078
60997
18954
137693
148989
91824
91826
147463
17432
17433
147469
17438
44860
44866
33571
173370
43342
162080
53110
32058
148995
28733
80545
158769
147476
136186
157243
90316
65931
33584
54640
173384
54649
32060
32066
53123
70782
91843
158777
17453
49804
136194
27221
33592
65947
54655
43360
54657
173395
43365
43367
32076
53137
18984
28750
28754
91858
28758
168558
54660
65957
43370
75726
64434
64439
53146
74202
102602
80573
49825
157271
48308
167048
37017
65966
54679
85505
49831
168573
38541
17489
168576
157283
59604
157289
59606
59609
167057
65974
65977
54689
75742
75746
64454
74225
113910
113913
28783
102624
27260
38557
101109
167064
65985
54693
96815
53178
74231
85528
74233
74239
84006
113920
91896
28798
49852
102638
168590
38561
112401
27270
59625
48333
48335
85530
53184
85536
95301
113934
113938
123708
112414
38577
59638
167085
37058
69408
160902
75770
85540
85545
85546
102650
123712
49877
101131
112427
48351
48352
59649
69410
37066
160916
75783
64495
96847
102667
59650
48367
69421
69429
58135
58139
3803
160921
160922
75796
96852
96859
74273
74278
84042
102670
113968
113969
123733
123736
112449
48370
59667
101159
37083
69433
58142
3815
30908
170700
96868
85576
74282
113976
144807
59675
48381
37095
69443
79215
79217
160942
30913
170710
2301
170712
96875
2307
170718
74291
113984
113986
113987
112460
144813
101172
59686
122230
101179
122233
69453
79221
79224
79225
79228
96880
118914
170722
2313
96889
85596
123760
112476
101189
143301
69465
132017
89007
118925
40704
40705
40708
107638
123775
123776
101195
143315
132024
58189
79245
160971
118932
118934
118935
40714
40719
128708
106120
106122
112491
133551
133557
69482
143326
143327
58199
160980
89023
30951
30952
89024
107651
170756
107656
40728
128711
117420
117424
106135
144856
133566
154620
143337
79267
160996
89037
118954
118956
128720
107669
117434
165923
8809
154630
133577
24605
30973
89047
30977
170773
170774
107672
106151
50517
50519
106154
127213
133585
165935
122293
143350
13321
132060
164412
13328
79284
153124
3894
30981
30985
170787
40758
107689
50522
50526
106162
117458
8821
144884
35911
133598
154656
24624
154657
7301
143364
7304
13333
132074
132076
132077
153131
79293
164429
23108
89063
30994
170790
40760
107693
107695
61825
61827
117462
117463
117464
60302
60306
60309
137001
8831
8833
144896
35923
24632
143370
154666
13346
132084
164435
164437
34409
174201
174204
89079
40770
40778
128763
149822
60311
106188
127246
137019
165960
165961
14877
165966
154676
24645
132090
7327
132094
13358
164443
45707
164445
153150
34417
174218
40780
117480
82900
61848
117484
117485
50559
138543
149839
159605
148316
137024
14884
34421
23131
153166
174221
23137
174224
174229
128781
71622
149847
19815
127261
159612
148327
148328
137037
14890
8866
14898
154691
24661
165989
154699
7348
153170
174234
128793
61865
149851
82923
149852
50575
71630
149854
138561
71638
60345
137041
81409
158101
8872
24674
45731
13385
7356
55500
23154
44211
149860
71643
60350
138575
127281
60354
159632
60355
29602
81410
60358
18312
137054
18318
70128
158110
35972
164489
23169
61888
50596
19842
19846
149879
138586
138587
127292
29612
127299
18322
70131
18327
158124
8899
24691
45758
34464
66814
174261
55524
174263
54001
54003
54005
54007
61898
19852
138592
60378
18331
29628
18337
169426
169427
45763
45766
45768
34474
44243
44249
54019
82965
149899
148372
137082
169436
39404
7395
7397
55541
174286
65311
76607
54028
19870
19871
82976
71682
92744
92745
18351
18352
70161
70164
39410
18357
158154
91226
158158
28127
45782
34490
45787
45788
174299
76617
65322
19881
19888
92751
92759
18362
81467
148397
81469
39421
169456
70179
39429
91238
130927
45795
54040
65336
54045
29663
159698
81475
18374
169460
70184
169461
18377
70189
169468
91246
28145
49201
49208
130932
140706
87923
54056
75117
92778
29679
169470
39442
158180
70199
39445
28152
130946
87930
140716
87931
55589
44295
76644
97700
86414
75121
75123
114818
29686
18391
29688
103529
169484
39452
91262
39456
169488
91264
39459
49222
130954
66882
55590
55591
55593
87945
55599
76656
76657
97711
86420
54073
65369
75136
75138
114823
29690
92793
169493
91274
28174
49231
28179
87951
66898
10706
10707
140739
97720
65374
54087
86436
75145
124602
103549
113310
124606
113311
124609
113315
39476
28182
91286
113318
49248
130974
87964
65380
54091
86440
65388
54095
54096
86447
96210
39482
91291
113329
49251
28198
130987
140751
10725
76681
161819
97747
97748
86455
86457
96224
403
103561
114858
124625
102042
49263
140765
76698
160304
114869
103577
135925
124631
135927
124634
102051
102053
59043
10746
10749
31806
150547
171609
160315
75184
75189
114870
145700
145706
102064
161846
31815
150559
119809
171619
108518
96256
96258
438
114888
103595
145711
145714
102072
134420
113369
49294
20535
119812
3214
3218
119819
108527
445
145721
134430
123142
144204
144207
10770
4745
10775
4746
20542
20543
119821
119823
41601
119825
171634
119827
108536
41607
118300
96272
118305
135967
145734
113389
123152
123157
155505
144211
59082
59085
4755
161872
31845
52900
171640
20556
119835
119837
52909
160351
171647
41615
160354
108549
118310
30328
118311
30329
170120
170125
135975
135977
113395
15712
113399
145748
134456
134458
155514
123167
4768
10799
31853
20562
31859
3248
108554
160365
118329
107035
471
135980
124695
145753
166812
144238
154001
154005
154006
31867
31869
20575
3252
3257
160372
119859
30341
160377
30345
129623
129624
129626
118337
40117
40118
135996
144240
25503
165301
144248
14217
4784
4786
31878
119863
3264
3266
118345
40125
170158
107058
139408
9712
9714
15746
155547
144258
165318
20592
31888
119876
52948
3276
30363
118358
170167
139413
107068
128122
134491
9727
166847
155555
155558
31894
30371
41667
108597
129653
62725
170172
118364
170178
128134
128138
15763
9737
145798
15768
155560
155563
175108
52960
3295
52968
119899
41677
30382
41678
62734
62738
51447
107086
72505
100900
100903
9741
166861
166862
9749
155574
155576
46600
8226
35310
165346
35316
165349
154056
154059
62741
30396
30398
62748
170197
139442
83809
61220
9754
100918
100919
166873
166878
165352
8239
24033
154066
51460
129685
62757
62758
72521
118397
72527
139457
149221
149222
100920
15798
155591
25561
57912
57913
8245
25569
165362
46626
35331
14278
14279
35337
24045
24048
175133
45103
175138
129698
51475
40180
51476
61242
19204
149237
71014
100930
159005
9776
110700
25573
8251
14284
46638
154084
154086
56408
175149
62775
83833
40194
40197
128186
61258
149242
82316
19218
100947
100948
36870
57933
14290
57935
25587
14292
14295
56410
24065
175156
83841
51497
83846
93610
72558
93615
82322
93619
19221
100954
9799
110722
110724
110725
165390
8277
35363
24070
175166
45134
83858
139493
139498
82338
159033
100967
36893
110734
46661
46663
46665
120505
67728
67729
24087
56438
175176
175179
66203
61284
61286
93637
19245
82348
149278
29011
159046
110741
110743
110745
8290
131804
120514
35381
24092
24095
45151
45159
77508
105906
82353
149286
19256
71065
19258
159052
57973
46681
56450
77511
105912
105915
72593
93658
19262
19266
92130
159065
92138
131825
67752
67757
45175
45176
83893
82374
71085
159076
29044
131837
130310
56472
56476
45181
66248
76019
105937
115700
115704
115706
115707
19280
82384
82385
71091
19287
71095
92150
29053
110789
152902
152903
67775
130320
88831
45193
66255
98604
105940
93682
19291
110791
131851
152916
141624
130333
130338
66267
87322
87324
87326
115723
115729
92179
120570
131866
131868
152923
152926
67795
11604
11609
77560
151403
98626
87339
104444
104448
152930
22904
22909
11616
88864
151410
66283
140123
66288
98638
92196
114228
114229
131883
152940
152944
141654
11628
130365
77586
10101
98646
76062
97121
115755
136810
104466
136814
114232
124006
131894
22929
162721
151432
10111
140144
140146
161204
161205
87368
161208
76078
97137
115760
136828
125533
114241
124016
152963
11640
141673
11645
88898
162739
109400
98666
98668
10128
109405
76082
97146
125542
136838
146606
146607
5626
21421
140161
172512
21428
161224
109417
109418
115787
115788
104494
104495
125551
157901
114261
114262
135320
135321
146617
124031
152989
11663
162750
141697
141698
32721
32725
4118
161233
87394
109428
161239
125568
157918
145103
152999
11676
151472
151476
4122
172533
172534
42502
172536
31219
119202
171016
114281
157925
114283
114285
156404
145113
5654
5659
32743
162777
151484
172541
4132
42512
172548
119211
171028
125588
27905
135350
16615
16617
135355
145122
22983
22987
11693
21467
42522
21469
172555
4147
31231
109456
161269
97195
97199
27914
167713
135369
15105
22991
5672
5674
21471
10180
21475
10181
109460
10187
161273
109466
10189
52306
171045
27921
146662
16630
16633
167724
124081
124084
124087
156439
145145
15118
166204
5685
32770
32775
32776
4168
172579
63603
63605
63606
129011
16649
167739
156445
166211
166215
166218
5691
5693
32788
53842
161291
42556
109488
52320
119250
52324
52326
41032
119258
129021
129023
129028
129029
27940
157977
135391
146689
156450
37714
37716
145167
53853
4186
42565
31271
42567
119260
62103
129037
157983
146694
37729
156468
4198
31286
63635
52342
119277
62118
27962
16679
156470
167766
15154
47506
166247
74936
42589
74939
84702
52358
84707
119288
41066
62120
129055
101810
16688
167775
52365
41073
73421
41079
129064
101820
16693
101829
37750
167783
167784
167787
26466
100308
26469
36238
53890
74952
74956
74957
52371
84722
52376
41081
27991
27995
101837
111600
37761
167797
111606
15185
36241
36245
36247
36248
57301
57302
46019
41096
73445
129083
94504
83210
83212
37772
111619
9162
100325
9166
15196
166282
36255
36258
57315
46028
63682
74978
63684
84745
84747
129093
94518
101857
122913
122917
111627
37788
100333
58846
9176
68613
57320
46034
74983
74986
74988
63695
73460
73465
73467
62178
122922
37796
58850
58852
121403
9188
68625
57330
68627
57336
67102
74995
73471
83241
101877
122939
111648
9194
58866
79923
68630
68638
68639
46052
57347
78401
106803
94542
62195
94544
83250
83251
83252
111650
132710
58871
58875
47581
132717
121423
132718
79937
110138
46061
1501
84786
73499
93031
93037
101896
122953
100374
47591
121432
58889
47596
121437
121439
68654
57366
57368
89717
131208
78426
67139
84798
83274
83279
122960
111675
100382
58895
100389
58898
121448
142503
57370
89721
57373
57375
78436
1521
94572
105311
83289
93055
100392
132741
100394
142510
131221
142518
89734
1537
127901
127906
94584
83298
111691
132757
121465
121466
110173
110178
89741
131235
57398
67160
141000
99510
67164
99513
141006
141009
1545
94594
115101
93071
132765
68694
131243
131249
78466
88231
98001
98005
126400
105349
126403
115111
132770
153836
79998
12515
78474
141020
78477
1561
106870
127932
137700
137703
132780
121498
163615
78488
141033
116655
137711
105364
105365
142569
78490
131277
163626
163627
78493
22300
78498
99551
88262
162105
1580
98033
106895
126438
115149
136203
153861
23835
174920
23836
12545
89796
131289
22315
99562
22319
162110
88274
173409
162116
1595
127961
70800
137731
137734
147501
115156
147504
12550
163640
131293
163644
22320
33615
163648
152354
22322
173411
99574
162123
98056
98058
127972
127973
127978
137743
137745
115163
126459
147513
115166
147517
6531
12560
174942
12562
23858
174945
22330
22332
141073
32102
32103
127980
137758
115171
115174
174955
44924
174958
33633
163669
173435
98075
137769
136242
146019
6554
12584
6558
12587
44938
33646
22351
22356
5033
22357
5034
43417
32124
162159
98081
70847
158836
17512
158839
80617
174971
173453
54717
43428
126493
126494
158848
28817
136262
17526
136265
136267
168615
157322
23899
44956
6579
33663
22372
162172
43435
43437
147561
136270
17537
17539
90409
22381
33679
22388
173474
43446
64505
53212
70877
80646
17547
168637
27311
168638
38609
146059
167119
44971
44978
54741
54743
5072
162197
32166
75809
32169
53223
70881
70883
28845
17550
158879
147584
136292
38611
136296
38613
38615
27326
157359
167122
33691
33698
54758
75812
64520
32174
157360
49918
168656
27331
146071
37101
37102
167134
54768
43475
5099
74308
91960
158898
90441
49929
48401
48403
37115
37116
167149
54777
43484
75837
75838
64548
64549
74312
63029
80686
38642
38644
168676
27350
27352
168679
157385
146090
90457
48410
27359
37122
167157
37127
64551
64552
96905
53264
74325
63030
28882
28888
49943
17596
38654
101206
16073
48421
16074
167161
167164
37139
53273
53274
74336
63048
28890
28892
91995
102738
168690
16080
16081
167173
16089
37144
58204
58207
75869
96926
85631
74340
85636
63055
84115
123804
90480
27382
59730
101227
27388
27389
16094
16097
48448
167189
37157
75873
96930
96936
85647
102755
102759
112528
90497
27396
101238
27399
167198
58226
64596
85651
95421
102768
102769
38692
112533
38694
122307
37174
69525
75891
85664
84140
63089
123831
123834
49998
101250
112547
133601
133604
48472
122312
122314
37181
48478
111023
122318
69537
79305
68014
68019
85672
107707
85678
63097
84151
95448
84155
101261
144908
59777
122321
69541
58252
107713
84165
102792
133621
122331
122335
111041
111042
122339
111049
132102
58264
58269
68031
3934
96987
107725
95460
84177
106209
144922
101280
144925
69566
79331
79339
68044
68048
3947
89104
96994
96995
106212
95478
101290
144938
133649
122358
69575
58289
79344
3950
3953
3956
89115
89117
170843
128803
117513
84190
117516
95487
84192
84193
123887
14910
143421
111075
143428
58297
79354
68061
68066
170855
106230
95496
117527
123892
144956
133662
122371
143432
68073
3979
40831
107762
107763
2457
40835
50601
117538
127301
144962
8905
133673
8908
8909
14938
24705
132150
13415
2467
128832
61908
117546
50618
106254
138607
14942
14949
122393
24715
164514
79381
164517
153228
170881
40852
170884
2478
128842
61915
117550
149902
138610
127326
8926
144989
24722
154755
143461
24725
13431
143469
132175
23203
23205
153237
153239
89168
2481
2483
40861
61920
107798
128851
61926
106276
138624
127333
116043
116048
8932
8934
144997
14965
14966
24730
143473
13441
143475
143477
132186
23212
23214
174301
89173
174308
89175
163016
40872
128864
61936
117573
71705
60414
8947
14977
154774
13450
13452
45802
7425
45803
132194
164544
34514
153253
34517
174310
153259
174313
89188
40885
61942
50657
19903
138641
19906
71716
127353
127356
116069
14988
14989
154783
7431
13462
164550
13468
23233
163038
50660
50663
117593
19911
138650
71723
127361
159712
60437
148420
116072
159716
137137
14993
8967
24765
7442
24766
13471
24768
13476
34538
174338
44308
33014
61965
149957
60442
159720
60444
159722
127377
137141
148438
70219
24772
13485
153280
153287
163050
61971
19933
159732
159734
148441
29704
92807
116094
127389
148443
29707
18413
18416
70224
158211
70229
158214
158215
24781
45840
34551
164588
23268
174355
163065
163066
163068
61982
61985
92815
127396
60469
92818
148454
70230
148458
81529
70234
158220
8998
45850
164592
44333
163071
174369
138691
92823
81538
91301
169528
28202
28203
158237
7487
34577
23285
44340
163086
163088
33057
149990
149997
71776
29731
29732
81542
159766
18440
148473
29737
70251
137181
148477
148479
169533
39503
91312
158241
91316
158246
80024
158249
28219
66934
23296
55644
76709
65414
71789
29748
81559
148489
169544
70267
28221
91325
28226
66943
55652
174394
55657
44369
33074
54136
19983
19985
19989
71799
159785
159789
18463
148496
148499
70279
169557
169558
158265
38002
168038
45891
45895
66954
44370
76721
55669
75202
75208
103608
81577
91340
70287
169569
91349
49301
49305
168046
38015
140802
44383
44387
33097
65445
54151
75212
75219
114903
92875
91350
80062
49315
38021
140812
65451
76749
54160
54161
65459
75221
75223
75224
103627
29789
169588
80070
158296
140828
76758
65468
85008
92893
29795
103636
29797
91370
169594
102113
91377
80082
80083
28276
91379
168070
97828
86536
86538
96302
85019
91380
39578
113419
168084
140844
10812
140847
161904
65482
97831
65485
86548
96314
85022
103652
39586
113427
113428
28294
91398
38060
168099
59121
140851
10825
140858
10829
97847
86555
75263
75269
96329
114953
114955
103664
113435
49363
38078
140860
4801
4803
4806
4807
76790
150630
20600
161928
150633
150638
97852
96338
85045
85046
124735
124738
134503
134505
123211
49373
4810
140871
140878
140879
108600
97866
108603
160417
85052
85053
522
527
114975
113452
113456
145809
134519
59150
59152
59158
140884
10853
10859
31916
20624
3301
97872
171713
86585
75296
96351
96354
530
537
114985
103691
113465
49391
133006
140892
119912
97882
108624
3319
30403
30404
30405
160439
96360
85070
107107
85077
85079
546
113472
145829
134539
144308
10874
161967
150674
171732
41701
108630
171734
97895
41704
118404
107117
124770
15800
113485
134544
59186
161970
150681
20650
150686
3334
20658
171744
160454
30425
96381
107120
85090
170224
85099
113494
113498
134554
10894
4869
119941
150697
119948
160462
160468
30438
573
576
166917
155624
155628
133044
133048
31963
161997
31966
20675
171763
108665
108666
129728
51507
170248
107147
40219
128202
166928
144344
144346
165400
133057
119960
119964
20688
171776
62807
170250
51515
593
595
128215
9811
9815
15847
166932
25611
123297
133064
133066
31980
4899
31983
119974
20698
62812
129744
107165
134591
166941
36915
25623
14330
25627
133072
165425
154138
31996
119984
3387
108699
107171
40243
40244
170277
138003
155665
165435
24113
154146
24118
3391
119994
3397
129767
40252
170286
50029
138019
15871
166962
8322
155679
8324
14356
24129
41785
62847
51556
40261
51557
170295
83907
83909
139545
61325
50031
128257
149311
128259
138029
15881
9854
15886
15889
166978
8333
144396
165450
175223
129789
118497
72626
40279
128266
149322
50047
138030
71107
15891
15895
166982
155698
25666
165463
154177
45203
45207
62861
62868
83922
40282
83925
72632
72639
50051
50054
50057
19303
19307
138046
159102
9879
110809
8352
8354
165472
56504
62873
40292
83935
72640
139573
139574
128285
82410
82411
149346
82417
71122
149347
71123
9884
36970
110814
36975
14392
35453
45223
45227
62882
62886
62888
72652
139589
61365
128296
138060
149356
138062
82428
159120
36983
110823
25691
110828
25698
45232
45239
55009
62890
62891
62892
62898
72664
139597
61374
61378
82432
82436
138078
138079
110834
8387
45240
55015
83966
83969
93731
93733
71150
19344
149379
29110
138089
29117
110840
110849
8399
46776
120616
35484
56542
56544
45255
55026
72685
72687
138091
138094
92220
138098
29127
131911
131913
35492
120628
35497
88904
45261
56558
56559
77615
45268
45269
55030
66328
72693
82461
82463
149393
71172
159166
159167
92239
67850
67857
130402
88919
45276
66332
77629
83990
93766
71182
92242
29141
92244
159175
110870
110873
131936
67869
130414
45284
45287
55054
93779
92252
159182
29155
88937
77646
98701
98706
93788
104527
92260
103000
103004
103006
103008
103009
110895
131953
131957
56591
88940
88942
98710
98711
55070
76133
115828
29172
131964
120674
151502
77666
140214
66375
66378
55083
87434
76148
97201
97204
97206
115835
104541
104542
125601
125606
92281
103022
114318
103029
131971
120680
141741
141744
130453
11717
88964
162805
88966
130459
140224
55090
98737
97219
136902
136905
136907
92291
29191
29192
92297
29195
120695
11724
130462
130466
140232
10200
87450
76161
76169
115851
115853
136917
131990
131994
131998
5704
88981
162821
11737
162823
130477
77693
88989
77695
76171
87469
150016
115865
104571
104572
136920
104574
104579
125632
136929
103053
124113
141771
162839
10220
98764
140258
76180
76189
136933
136938
114354
135414
141780
11750
141784
130493
11758
32814
21521
140261
140263
140265
10235
4207
4209
76191
76193
97255
115881
136946
125656
103072
146719
124133
11761
32827
98781
21537
10244
98788
150044
97260
171101
97268
171109
115899
125661
125666
146725
145202
145203
5744
5746
21541
140280
151576
98790
140284
21547
98793
98798
20022
150056
119301
20025
171110
97273
136969
114380
125678
145216
11781
151583
151589
21558
172643
109542
10266
10268
161358
150065
119310
20035
97288
136974
125686
114398
156512
156513
124169
145229
5767
162887
151596
4240
151597
42621
4245
10274
172656
42627
10279
109558
31335
31337
150076
171132
41102
16721
135460
156522
145230
145234
145236
155001
5778
32860
53926
172664
10285
161374
10289
31347
150085
52403
171145
108044
171149
124183
124184
156537
15219
166304
5789
32871
42641
21588
109570
10298
63701
31357
31359
171152
108056
146773
16743
135482
26511
156544
15224
15225
15226
166314
166318
155023
5790
5793
5796
21590
32885
4270
42650
109581
42658
52421
63718
108064
146786
37815
135499
26524
145264
9204
145269
166325
155032
25007
32890
4285
42667
171179
146791
9211
26536
36301
36304
155047
4290
119371
108087
62214
101906
16774
156573
26545
156579
145285
47603
47606
47607
36313
166347
155052
25029
84800
63749
84805
84807
84809
73515
62220
129150
73516
62221
62225
37845
167879
145292
9234
166353
15269
36323
166359
155067
53983
84813
73525
41178
129165
72007
72009
37856
58911
156596
15271
100408
15277
166366
36335
46108
63764
63769
84826
41185
84829
72015
37864
47631
9256
25050
166377
25051
155083
46116
84833
94608
72020
72021
111710
111711
37873
111712
26581
37877
26583
111717
58933
111719
58934
26588
166383
47646
68700
155091
36357
63780
73552
62264
94615
26590
37886
26592
9279
166393
68710
68714
57420
36367
110207
84850
73564
62271
83331
72040
101964
9280
47660
9286
36371
25081
110218
25089
84868
73574
73576
94637
101974
101979
100450
100451
132804
9293
47671
9294
9299
68731
121519
25092
36387
110229
57445
46151
78503
46157
67215
84873
106908
73584
73585
93123
111756
132811
132813
36390
110230
121526
110233
36395
57451
120001
120009
84884
101993
58982
58985
58986
132827
110242
68759
120012
89817
46176
1619
106929
94665
83373
58992
132832
132834
110250
131312
120021
120023
46189
88300
67248
88306
77013
1629
116700
105410
105415
93156
111787
100493
132843
132849
110266
89836
67258
88312
1638
116712
94686
105426
93160
93161
153910
110270
142627
89841
78551
141100
1643
1644
106958
116726
116727
132861
132862
132868
153924
153927
12605
131344
131346
120053
67271
67276
99625
141118
88333
77041
77045
1651
77049
106966
116739
105449
115213
115217
89861
152410
141122
67283
67284
88346
88348
105450
116749
137803
105455
137805
105458
93192
115226
115227
93199
121591
142651
131360
131361
131363
89872
12627
12628
152420
152427
11105
1671
1673
106980
98124
106982
105461
105465
105469
115232
125002
125009
132893
132897
153953
153957
142663
12636
78591
22404
99656
77072
77075
98132
136309
153966
23934
12641
6616
163735
33705
120095
162212
77081
77083
1697
105487
125023
6621
142686
12654
12655
163742
131396
152450
33715
22420
152454
11131
11135
162221
173517
173519
137841
126556
12661
142695
141171
173520
173521
141174
141175
99684
5117
88393
32201
162233
32203
116792
158913
126567
147621
115275
136331
125048
146102
153995
23969
6649
33732
22442
163769
141181
152477
5122
22448
43502
141186
11155
99699
162243
32213
32217
98171
98176
70931
137863
147630
126579
80704
158929
115288
136343
136348
125055
6653
6657
22451
33747
54800
5133
22457
43511
141197
32221
32222
173549
98187
172028
126580
28900
158935
158937
115295
28907
28909
168700
147648
125063
168706
146129
23985
6665
163786
54810
163789
33758
22463
33759
22468
5148
43526
162264
32237
98190
172033
42007
158940
158945
147655
147657
168714
157428
23991
54821
54826
173565
173567
162274
172045
53309
137893
80733
28928
136370
90503
146140
157435
157436
33771
33772
173571
43540
173573
43541
11196
43545
11198
64601
43548
64602
64604
42020
28930
28931
158966
28939
27411
157447
90519
16121
167210
33780
54840
22493
54845
54846
22499
64610
43559
64615
32269
64618
53324
172063
172064
172067
80752
80754
136391
168741
136396
136397
38717
27425
146163
16137
16138
5186
173598
32272
75915
75917
53339
158981
158984
158985
28958
147695
147699
157461
157462
38728
146172
146174
16142
16148
54863
54869
43578
53340
53341
53345
74403
63117
63118
168764
38736
157478
146185
16154
37211
75931
32292
32295
102816
17682
17683
168770
80789
27453
90558
16161
27459
48512
16168
37222
54884
75940
64651
85710
64657
64659
42078
74428
80792
17697
38754
157493
59810
59819
16178
47002
64660
53371
85729
74435
102831
168794
101315
48530
59826
37240
75964
75967
64673
64675
64676
85735
53387
53389
74443
74448
63157
102841
123904
90580
90583
101321
27486
69601
58310
58318
47024
85740
85743
53397
74455
95514
84225
102851
123914
101335
37260
167293
167294
37263
111104
69613
37266
58328
75980
74463
85759
74469
63174
123925
38792
111111
122407
111115
37279
47044
75993
63183
74479
95533
95534
95539
84249
123934
112642
101351
122411
122412
48576
48579
47053
107801
170907
170908
74487
63192
63195
95544
102880
102887
123947
112652
101361
59874
48584
37291
48587
69640
111135
69645
58352
58358
68127
2501
85780
85781
2506
107812
2507
85784
2509
107817
84260
84264
94032
94036
94039
133723
48591
122439
79425
68132
170921
2516
107828
95564
95565
95567
123964
112672
133733
133736
122441
69665
132211
58374
132217
79433
47086
79435
89201
89206
2521
40902
40905
40906
1001
1003
84286
84288
123972
154800
154802
69670
122456
143511
58381
69677
143519
47091
132229
89212
170940
170941
107845
128903
95584
1015
84293
112694
69681
111174
143524
143529
89228
107854
128910
1020
95591
128919
1024
117628
1029
106339
94071
94075
94077
122474
122477
143538
79460
79461
68175
170960
170969
40938
128921
128922
50701
128928
127403
127407
116113
122484
122488
154838
24809
132251
132252
132256
13519
153312
79475
68183
79478
107877
128932
1040
138707
138709
127416
122492
13523
13524
142030
12004
12009
89257
99023
170985
128940
128942
50726
1057
138718
127423
116130
143561
7505
143567
132272
7507
7509
40960
99035
40965
107895
117664
50738
106373
106374
143570
24834
7512
24837
13543
13546
164633
153340
132289
12023
174407
174409
2599
128962
50746
106381
116153
127449
116156
137213
7522
143584
13552
143585
132290
45903
143589
132297
23324
12031
12033
174415
89285
163129
99055
40988
50752
128977
117683
71811
50759
138742
60520
127451
106399
71819
60524
60529
137229
13560
164656
34627
153367
23336
12046
163134
89296
128980
1097
71826
127461
60532
159811
147005
154893
24866
24867
13573
164661
45928
34635
142082
44401
6024
23349
163141
142089
44405
99074
50774
50776
71835
159821
127475
159823
159824
60548
137244
7554
164670
45934
44412
6038
99082
50785
50789
138776
116191
127488
116193
92908
169602
70326
147026
7562
7563
55711
163167
33139
71855
127490
71857
29815
18521
137260
137262
18525
148557
81629
169617
158326
17008
24896
24897
45959
164699
23376
6055
55728
55729
6058
33146
54202
54205
54208
60578
81636
18537
70347
91403
80113
168108
34671
23384
55733
6065
44443
12097
163182
33152
65504
33157
92930
60587
29832
81641
159866
137287
158340
137289
28312
80121
147059
7592
45979
23394
55746
44455
6079
174488
163193
163196
54220
54226
71884
92941
159872
29840
92944
92948
148585
137291
137293
169642
137295
18559
28320
28323
91426
39619
158359
147067
80139
45986
45989
174493
44462
174496
33174
76818
64003
92951
29853
148591
18562
81667
169657
158366
28338
80146
80147
45998
55760
55768
76822
44479
54245
64015
92961
29863
92967
103706
169663
169664
28341
91444
39637
80151
158375
147081
147084
38112
140901
76830
54250
54257
64029
92972
92978
81685
29878
39640
70398
39643
80162
147093
80165
168158
38128
76849
65554
54266
86614
64035
92981
92985
92986
81696
39652
91463
169688
38131
38136
38138
55790
55797
76859
97912
97917
86627
75338
85100
85104
92997
169694
91471
80183
28375
91479
28379
102219
38149
59206
10904
76861
65575
54280
86635
64058
64059
124806
39675
91484
102221
80193
102228
38156
59217
140941
65583
150719
54294
97938
86645
86646
75354
64067
96418
103759
124812
124817
91494
91497
49453
38161
168195
112003
49459
112006
59221
38168
59224
76883
86653
86656
75366
64071
64073
96421
96422
64077
85131
605
39694
49462
49465
10933
10938
76892
150739
20707
86660
160505
75376
64087
96435
85141
85144
103776
134604
134605
123312
49474
49476
4915
10945
20713
171800
97963
171803
171807
75380
85154
627
629
103780
103789
102265
123320
49481
123321
112032
112039
140980
10954
150751
85160
85169
638
124855
145915
102274
49496
112044
140996
108725
108726
108728
123341
59270
144405
59275
4943
69046
20740
171832
3424
97996
108734
108735
41806
171839
108739
96471
170313
96479
113586
134641
102298
134649
123355
69054
4954
10983
69057
4958
10989
20754
150787
171844
160552
129800
170325
85196
663
665
113595
145947
123365
112073
155717
155719
133130
59292
133133
10993
4969
30530
3449
30532
170330
670
675
676
124897
15920
134661
123372
112083
144431
155727
112087
112088
144439
14407
154205
69076
69077
3450
3453
108760
108769
129822
170340
40310
107242
118538
107243
40314
170349
107248
117014
145960
145963
145966
25700
144444
20783
171870
108770
171876
171879
118548
128316
15945
15947
145979
134689
155742
144451
25718
4992
69096
3473
41852
30560
108789
62916
62917
62918
62919
170365
40334
51629
139616
40339
117034
15954
134695
155750
155752
8402
144468
165522
133175
164003
171891
108791
171894
41867
30574
62926
40340
107271
40346
107277
40348
138100
138101
138102
9934
9935
155763
25734
155766
14440
144472
25736
14441
155768
144475
14447
133188
164013
3496
129860
51640
118570
107280
72702
72705
170389
117057
15977
9948
155770
25744
25745
14459
154250
46809
24222
41885
41889
129873
62944
129875
118583
40360
107290
170394
107293
107295
170399
40367
128350
40368
139646
128355
149414
9951
9953
155784
14469
24234
24236
34006
51664
40373
139652
61431
61435
61437
61439
149421
50147
15994
14470
14478
154271
35536
165569
45305
34012
164045
34014
62968
139660
139665
128373
61445
61448
82502
128379
117089
159201
9971
159208
9973
110902
25771
110905
110908
110909
46832
14485
14486
14488
165576
35546
35547
154286
56605
24259
56609
164055
62975
51683
82512
149441
82515
117096
50169
159213
25788
46841
165580
14497
154292
35555
24264
67907
51696
93811
128395
50171
93814
138160
82527
50179
82529
71234
138164
9993
110923
25794
8478
35560
67911
24272
35567
24276
164073
164077
55101
62990
61470
61472
61476
93825
149464
138178
92307
81018
169002
110932
120703
35572
24280
67925
67928
56634
164088
93831
93832
93837
149472
19441
149477
138183
138185
92311
29211
92314
159244
29218
169010
169013
169018
46871
46873
46874
46875
8498
120719
24292
24296
67939
45353
77701
164091
45358
55122
72787
61498
149481
19451
82554
110950
46881
45363
77718
55136
72794
93858
149493
71271
159265
81043
29237
110964
110965
46898
67954
56662
130507
34085
55144
55148
76202
82573
29240
81051
92346
92347
81053
39010
169046
67963
130518
66447
66449
87505
115901
82580
71290
71296
92356
120758
45390
56687
45392
77740
98802
98809
76220
76225
115918
93889
19499
92363
92367
29269
110990
141826
130531
56694
56695
77758
66464
87524
55179
115925
93897
92374
92377
29276
103117
29278
81088
169078
120775
67992
141835
97304
115933
103120
114416
103127
81097
103128
39057
162906
140321
66483
140327
87542
115942
125712
114423
103135
169095
39065
39066
39069
120791
141850
77787
10304
66497
150104
76266
97323
97324
86039
115952
115954
39071
39076
5803
130575
162923
162924
130579
98852
98853
151639
98854
161400
98858
161408
150114
97330
97333
115968
125737
125738
130581
162936
140355
10324
10325
10327
109606
150121
150125
76287
97347
104681
39091
130595
32912
151654
109610
140367
172717
109616
87586
109618
76292
109619
86063
86069
115984
115986
125758
114464
146818
103179
124235
124239
141893
141895
32925
151662
21633
140376
140377
87597
171201
108107
86077
135530
135532
124246
11873
11875
162960
5848
4323
109632
98896
10355
172739
31414
31415
31419
119402
97373
97378
135540
114487
146835
16807
135548
156609
134020
134022
11887
162972
5858
162976
151682
4332
42710
109640
161456
161457
20133
119411
97382
119416
20139
97387
108125
86098
125782
146844
114496
167902
135555
16819
167907
167909
134031
134033
5862
5867
11898
151697
172751
4343
172757
31432
31438
97390
97396
171238
171239
16820
146855
156625
145337
145338
155107
155108
32961
21673
172762
172763
109666
161477
108141
119438
171247
16832
124280
167923
26601
145344
26608
134052
166404
155112
4360
10391
4365
42745
20161
31456
20169
108155
129214
129218
16840
135580
37901
167935
135588
156645
156646
145352
26615
15322
134062
145358
166415
155128
21696
4374
172785
109687
20177
41231
108162
119458
108166
167948
9301
145362
156658
15333
134071
145367
134073
166423
166425
155132
42767
20181
119461
52533
41244
119469
129231
108178
139007
146890
146891
16862
16863
9311
26635
26639
155142
155145
36408
155147
4393
31481
42779
119478
108185
108186
62311
108188
16871
26640
167968
9321
26645
26646
134091
134096
47708
36415
155159
42784
171292
119486
171297
108195
62321
139021
139025
37948
15369
36424
155163
155168
42797
63859
119494
52565
52566
119498
51042
51045
37950
26662
100502
26663
26664
15371
9342
100508
9346
100509
15376
155175
36438
25145
25148
73632
41284
84928
62343
129277
139041
139048
100513
111809
15387
47739
166478
155183
25155
57504
57506
63875
63879
84933
84935
73641
84936
84939
41299
129282
62356
139051
139054
111819
26687
47742
36455
36458
46222
57519
73652
129295
139063
111823
111827
9375
36461
47757
36462
166495
36464
110309
46230
139078
93207
37990
37993
121604
47766
110313
68828
67303
94734
51096
83445
83446
139086
100551
100552
100553
47771
121612
121613
121614
110321
47778
36483
68836
57544
25197
46252
78601
78604
56022
56026
62392
94742
83454
72160
139092
139094
93221
93229
47780
47788
68843
121629
110337
78616
56030
84980
1708
73695
94755
72174
132925
47792
47793
57560
68857
89912
46270
131408
120113
67330
67331
56047
84994
84997
83472
93241
100583
110350
110352
68863
121649
142703
78630
78639
67349
88405
56058
77111
56059
77114
77115
77119
1728
116808
105517
93258
111880
100597
121651
142713
142715
131420
120131
120133
89937
78643
120137
77121
88418
1734
1736
105521
83490
83492
111895
121661
132957
110373
142721
89941
110379
89947
1745
1748
116825
94794
105531
105532
94797
104016
104017
132965
68891
12700
142732
12703
68897
131442
131447
152503
67370
141211
120158
141213
88433
56087
77147
1756
115311
104024
104028
142740
110393
110396
131450
12713
131452
131454
152511
163808
67380
141221
67383
141228
77153
116846
126611
137906
105559
126613
93291
104030
121697
142752
121699
142754
163811
12727
89973
152524
120178
88454
151004
98222
151009
1778
105560
137913
126622
115336
104041
125104
125108
125109
131470
142765
142768
163822
89983
78690
89989
141241
22504
22509
88461
162305
77172
151013
98230
105570
116869
136400
136404
6710
131480
163834
131489
33808
152545
99761
120199
11225
88476
162316
151021
77185
116872
105585
137935
126645
126646
147701
147709
125122
136417
12751
6722
131490
163847
22522
141260
5207
5208
162323
77190
151032
77195
21007
21009
116884
126651
115361
136427
136428
6734
142796
152565
141276
32301
88497
162337
98260
21019
98266
116890
126661
137957
126666
146200
146203
163862
163865
141286
99796
11258
151050
32313
151057
98275
172116
137963
126677
136441
125156
146210
6756
12788
54902
22559
162355
162359
32328
98281
172129
115399
147749
157513
125167
146228
6763
12795
12798
33852
152590
163886
54911
152598
22569
11277
43625
21040
32339
172133
109035
42106
137980
168813
136468
125179
156002
163890
6777
163899
173661
54924
54925
54927
173668
151080
21055
109040
109044
137991
137994
147764
17733
136475
90600
136479
90606
90608
146246
167305
167307
156019
22581
54931
33878
22588
162384
32354
64703
151095
53418
172155
42124
172158
172159
80842
80846
136484
125192
38806
167318
156024
33880
33886
5272
22597
162390
162392
173688
162399
64719
53426
21079
172167
172169
147780
147782
17751
147783
157550
136498
157553
157558
146264
16234
16238
167328
173692
173696
32370
43667
64726
32378
172170
64729
53435
53436
17765
90634
90638
157569
16243
146279
167336
54960
5292
5295
32382
32384
21090
64733
64738
109084
109089
74509
17772
27543
16256
48606
167345
156052
26020
54976
43687
172190
63222
102910
102917
38843
27557
48611
146298
16268
48616
37321
37323
26030
167359
156066
156069
43698
85810
53467
74523
73000
27560
27566
167362
48629
26041
47101
47102
54995
85822
85823
53477
74538
63249
73011
102930
168899
16280
101415
101417
37344
26051
64770
64772
64777
74542
42197
63256
95606
112719
27588
16294
37350
16299
48649
37354
37355
58410
58412
26068
58417
58419
64782
64786
63263
95615
84326
73033
84329
90690
90693
90699
111200
37362
111206
69718
58427
74567
95625
95627
84334
94101
101442
101446
122502
111212
58430
69727
47147
63281
63283
95632
95634
95639
101452
133802
112749
133807
59968
122518
26093
26094
58444
69739
47151
68216
85870
95644
84356
73066
59974
107917
84366
101470
58460
132300
121011
47173
47177
47179
79529
2619
107928
106403
84377
112774
59995
122548
58475
132316
121022
47185
121027
78016
73090
84387
73094
94151
101497
122556
111261
143615
79540
78024
117710
1112
84390
117717
95686
117719
112793
133856
122562
132331
79551
68262
68264
142104
78032
107952
2646
2649
1121
95693
116207
133864
69790
143631
13606
13607
132347
121052
68274
50800
50801
1132
133872
122582
111292
111295
143647
13616
121064
79576
121068
142126
142129
78050
2661
50813
106452
106457
127515
116220
116225
133888
122595
154949
13625
143657
13629
164716
68291
153429
89352
78069
107983
99128
50827
50828
106463
127520
127524
116230
126009
24923
24926
154959
164723
23400
121088
153437
23405
79599
89363
142149
163209
2683
2685
106471
50839
60600
127532
137303
24937
13643
132381
34701
132386
164738
121097
12122
12123
142159
99144
2695
99146
50846
106482
117778
138836
127548
127549
137316
126022
24943
7622
142166
78099
1184
138841
60622
159903
127556
148617
148618
137328
154981
24950
154984
24953
24956
143694
13665
7637
164755
12142
163230
142177
12146
89392
163232
33201
89394
89395
33203
99169
117793
127560
159912
116272
159917
137335
70409
137338
24960
154993
164766
153472
34736
12150
12152
12159
50874
71937
127572
127577
81702
137343
126054
126057
24971
7653
7658
34740
164774
34743
23451
164779
23454
153487
6132
55809
44514
6137
163255
50882
50883
71941
138872
159932
29901
116296
148644
137355
158412
137359
147120
147122
147124
24984
13692
7669
34754
153496
44521
163261
44527
163266
173038
50894
138886
138888
81720
127597
81728
148658
137369
169719
17101
147135
7679
34761
34765
55821
55822
44531
44532
12185
33241
163277
163278
54303
173043
29921
159954
29922
137370
137375
70449
158432
28400
80211
80217
147148
7689
34774
34777
55833
44541
163280
6167
65601
65604
71972
71975
60683
81744
18642
18646
18647
126091
70458
126093
80221
80223
28417
28419
168211
147159
55844
76900
65617
54327
173065
43034
159974
148681
18653
28420
91523
147163
80234
17133
28429
34790
6184
65624
54332
54338
173077
173079
43048
64102
71996
159987
29955
81767
169750
70474
28430
91533
168232
38200
38203
173087
173088
43056
64110
173089
18674
18677
169764
158473
28441
39739
28446
38217
168249
76935
76936
65642
33295
65647
43060
86705
75411
29970
103815
103816
70492
18687
169773
169774
39744
169777
80261
39749
147192
28455
147193
147195
168251
38221
90033
90035
55887
44593
76942
54363
43072
86717
75424
103820
158497
168260
17175
168269
76956
86724
75434
75436
64142
64146
103837
169794
113602
169797
49531
168270
49534
80289
38241
168275
150803
65673
150809
65677
43093
54389
43095
75446
75447
64152
64153
124903
124908
124909
113614
91583
113615
102320
113617
102327
168281
168283
38258
48021
76976
65687
86749
75454
96519
85224
124918
168292
112103
112108
59322
48032
59327
48037
150822
76989
65696
703
103865
124924
39794
123402
49564
112116
59331
112118
59334
48047
76991
150836
20805
86760
160600
160603
64180
64185
85249
103870
103871
124932
113647
112121
38284
38285
90095
112128
59346
48053
69117
150845
171902
171904
171906
86778
86779
85250
96546
85251
96547
85252
85253
720
95023
113657
38299
20821
150855
108819
75495
103893
103899
113663
134722
134728
49598
133205
48072
133207
48074
48077
69134
150860
150861
171921
150868
108823
86794
171928
86799
107301
85273
170408
741
123441
150871
171934
41908
2001
96575
85282
107315
107317
754
124975
124979
102395
102396
155807
144513
155809
133220
133223
133228
20856
171942
171945
129900
30627
118610
118616
113690
134751
59395
133239
143000
69165
69166
20864
150897
108851
108858
160668
30638
2021
129917
2025
170435
107334
96598
2029
95073
117108
117109
95079
124999
134761
134766
123472
123473
144531
112185
133249
41934
171967
41935
160674
129921
170443
128402
785
788
123480
134775
155834
25804
112194
14512
14515
165602
154311
69180
108870
108871
108877
30657
170452
170456
107354
2049
794
797
128417
95098
134784
155840
123493
14526
69194
143038
20894
3576
108886
160695
108888
30665
118656
139710
107366
117132
134799
25825
14532
144566
14536
165627
13015
164104
3585
118660
30679
107376
170479
61506
50214
50217
138201
155865
25834
14541
8514
133280
133281
154343
143050
13022
13024
24319
13027
13028
30680
30684
129965
51742
118675
2076
139736
128441
72807
72808
50221
149505
149507
14553
165641
24321
24325
164120
129973
118683
2083
118687
51758
170497
139743
50231
149511
117169
60003
25852
25854
8531
8533
13040
13041
13048
129982
2092
2093
139750
139752
139753
72826
61532
72829
128466
117173
117174
50249
148001
148006
14576
35632
165667
45400
143085
45402
7025
143087
129997
72830
139762
128471
50250
61548
82601
138243
159306
25874
164150
51780
72840
40495
139772
139776
61554
128484
117191
50263
82612
149542
50266
149545
138251
71323
71329
159312
148021
148024
14591
25888
46944
46946
24361
13070
154397
56714
13075
56718
13078
34133
34134
139783
72859
93915
82623
71335
159323
60046
18005
25891
56728
164174
164179
139797
72869
61577
138274
60051
29303
148041
148043
29306
81117
81118
120800
8586
35676
56732
45443
13096
164181
45448
66501
66509
93930
72877
61587
50293
50297
82646
71354
19547
60065
159346
148051
159348
81124
169110
18026
169111
148059
8592
56742
56748
164193
34166
55224
61591
149586
71367
138298
159357
18032
81139
169126
35693
35697
56752
7082
66520
65001
72894
93951
93956
149594
82668
19566
60084
18042
81147
39104
7097
77827
66533
34189
55245
93963
60098
92446
148081
29344
92447
159378
81156
169140
141907
141908
45484
130619
77833
34192
87604
55256
76311
76318
65023
65029
104711
93975
82683
82684
82686
148094
120850
45492
55263
87615
65031
93980
93981
82691
19592
104728
82699
92460
92461
159394
18071
81176
169162
169166
120860
120862
120863
55278
76332
76337
86102
104731
93999
81180
29375
81185
103218
18084
81187
39140
39141
169173
18089
120878
141931
11902
11908
130647
66572
98923
87634
76340
65050
97401
86110
97409
86114
86116
120888
11911
130654
98930
66583
55292
98935
55296
76351
76352
76354
97411
86124
104752
125815
92492
103234
92498
103236
29397
169191
169192
141951
130662
11927
77880
77883
151724
87658
76363
87659
65074
65075
97424
97429
125824
103249
130673
141969
77890
151734
21702
151739
140445
10416
161506
150216
65083
97433
97436
114546
135601
135607
11940
5919
109700
87670
87671
109703
161511
10427
172808
150220
161517
97445
86155
104789
102
103
135616
103268
39192
39194
5923
11953
5927
5929
151758
10432
98974
21728
172814
161524
87686
109718
161528
150234
150239
97459
160005
86169
110
125858
114566
146914
135623
113045
134109
11960
5935
11966
151760
4410
172820
98981
21739
10446
4417
150244
31508
31509
20215
160013
125861
125864
125869
145407
5940
5946
11979
172830
98996
10455
97470
119502
119506
97476
86181
160024
160025
132
125873
138
103297
103298
156708
113066
134128
5950
10460
140492
151788
10464
140497
97480
97484
97487
108225
108228
30009
146940
114594
16915
124362
113079
134133
4444
172854
10475
109754
31530
172858
172859
150271
20242
119525
171334
20249
119527
160041
118003
154
125899
146954
124375
113081
113088
134141
15409
155201
134149
155204
5975
5976
21777
4455
31545
20250
52602
20254
150287
160050
41313
41315
108245
108248
129307
118015
162
135672
135676
156736
145446
145448
15416
134154
134158
5983
172870
161580
109773
31550
161584
109777
31555
63905
52612
52614
119545
52617
160060
52619
119549
108258
129313
118025
146972
16948
26714
15421
145457
15426
5994
5997
5998
21792
21794
4471
21798
42852
4477
42856
171367
171369
118034
145467
145469
134175
25201
166529
155239
109793
31570
4488
172898
109797
20289
108272
160080
160082
41347
129330
30054
160089
139102
26734
145475
26739
9416
134182
15445
134187
36507
25214
165012
31581
31582
31584
20290
63939
171381
73702
41355
129342
73709
62416
118051
118052
62419
139117
156776
26748
134192
15456
15459
25221
36517
165028
63942
63946
119583
63949
108290
119589
139120
139127
156783
47811
47812
166550
166555
36525
25230
25232
165036
165039
42890
51142
118078
26761
100601
47820
156799
166560
47823
155271
63960
73730
30092
41388
62442
129374
62447
51158
139140
118087
83507
83508
72213
139144
72215
15484
47834
155284
36547
57600
155287
41392
73745
83512
129389
51166
118095
139158
72229
111912
47845
36557
155297
25268
57619
46328
35033
165067
63981
52694
73752
129391
73759
129396
139167
82005
26792
9472
26799
110402
57620
25279
46339
56106
63993
94821
93309
9484
100648
9486
100649
36576
110416
57630
25286
57635
57636
165081
57639
35050
165085
67404
56113
67409
62481
51193
72251
93317
36584
36586
110427
73785
94846
72268
93323
100666
47884
121724
47888
120200
120206
67422
35075
67426
67427
73794
73795
82048
100674
47893
121736
68950
110442
57665
120212
67433
56145
77201
56149
77203
77207
77209
94866
83571
83574
93341
82057
100683
100684
110452
110455
68965
131512
120222
46388
35099
77217
1821
1829
116900
83580
105612
83585
72293
142813
57684
78741
57689
78746
120239
88514
1833
1834
1836
94882
105626
82076
104109
111997
121769
142826
57695
120240
78750
120242
78756
67462
99812
130010
88521
130014
56176
87003
87008
116925
105638
115400
82081
115408
121774
110480
142832
12806
131547
99820
141314
99828
88534
88535
77242
1851
87018
116930
116934
126704
93380
93383
115416
82092
82094
110498
131552
78773
141326
88542
99838
130035
56197
77253
98315
87025
87028
116949
126713
93393
104136
121792
121796
12822
12826
163911
120270
163917
78787
141331
152628
67495
11304
77263
77265
98321
116953
115435
104143
115439
125206
125207
6809
120282
120285
141340
88564
88567
130059
151115
98331
105674
115444
104150
115447
115449
125215
33900
163934
152640
33904
163937
22613
22617
173704
88570
11326
130064
98340
105683
105689
147802
136512
136516
12850
142885
12857
33913
22620
163949
141360
22625
173711
5302
11334
5305
162421
99879
130076
21105
98357
98358
105692
105696
126758
104171
125233
135000
135005
135007
12860
12867
12868
163953
163959
22635
141375
130081
99887
162434
162436
98362
98364
116995
126762
126767
147826
104184
136535
104188
125249
135019
12874
6847
163962
12878
152671
152672
33935
173731
173732
141384
130091
99897
5327
43706
162444
162446
162448
151155
172214
109114
172217
80902
136541
104194
136542
17805
157600
135020
146316
146318
135028
12882
6858
33947
22655
152688
152689
22659
162450
11366
32420
43718
151162
21130
21132
98382
98387
172228
80910
80913
115497
168904
163980
33953
163986
22661
33959
11372
43721
43726
162464
151174
151179
172234
42205
109137
147853
17824
168912
157624
135046
156100
163999
5355
11387
43735
173769
32446
53501
21158
109145
136573
168922
168924
168925
90702
157632
27602
168929
135053
167402
156115
156117
33976
33977
5360
11391
151190
162489
21164
17840
17844
157641
90712
157643
168938
38908
146350
16320
167414
167416
156126
33985
173782
43756
64816
147883
136592
17859
157650
38915
157654
146360
38919
26101
5387
32471
43768
21183
64829
109172
109173
42245
52013
52015
80967
157667
27639
16346
167431
16347
167436
26110
156149
5396
64833
53540
32487
53542
53545
52021
52022
63319
17871
17873
17875
168963
38933
157672
27646
48704
37412
167445
37415
156154
43781
43784
53551
53552
172291
109191
109192
74619
63325
80986
38942
27650
27651
90756
146391
146392
90758
146396
48717
37428
85914
74624
42279
63332
63334
52048
157691
90768
101505
167468
47204
47206
64861
64867
74638
84409
168992
38961
168993
90773
38968
27677
27678
16383
16387
156181
156186
37449
58505
64878
53583
85938
95702
84419
73124
90784
101520
101522
37452
48748
69802
156192
100000
167488
37459
26169
47226
47228
47229
85940
64887
74654
84425
84426
73131
52079
73136
101537
37464
26170
26171
111307
37468
100014
100015
57001
57005
85950
85955
84430
84436
73141
94209
112835
101545
122600
69824
111315
100020
58534
47242
68300
57014
85965
52090
95735
95739
37482
69831
122618
111325
26191
26192
111326
100031
47252
57021
85975
63391
95745
73160
84458
94223
112855
37492
111338
100043
47266
79616
121109
68327
57036
2706
85982
85989
95750
84461
84468
94232
94235
101574
101575
48793
122636
69851
58560
47270
79621
100059
79625
68338
78105
85992
2717
84470
95767
73186
133933
143700
132415
58576
68346
68347
2729
117803
117804
1204
73190
94253
112889
122651
122657
111363
143715
143716
58584
89412
89414
78124
78127
2736
1213
95784
84490
95787
94265
105002
122661
111373
143721
143724
58593
68364
78137
2741
78138
95796
95799
1229
106539
94276
105014
133963
122671
111385
132441
13705
69899
132448
57083
78146
105026
105029
122684
111391
111398
164803
164809
142220
68382
153518
142224
68385
57090
68386
89440
68388
57096
78155
50914
117846
117849
106559
105035
133983
122690
132464
153520
153521
121176
142230
142232
12201
89452
2770
2773
117854
106566
138919
127628
127629
133999
13730
13735
7708
13739
121184
121186
23505
12213
163308
50932
117865
138924
138926
127631
116347
143770
7717
121195
153544
142254
142255
78189
2798
99247
50948
105062
105065
137415
137418
143788
132493
164842
23521
6204
174613
142266
6209
89489
152033
152035
50954
117887
148710
127658
116363
116366
137420
105075
148718
105076
105079
13760
164852
13767
34827
153568
142275
12244
152043
33309
22019
99269
50966
148721
70502
70507
137437
137438
13775
34835
174631
163340
44604
163345
22021
33317
33318
99270
152057
50972
138966
60744
127673
127678
137441
70516
105098
126152
158502
126155
147216
7751
34842
34843
163354
33327
99280
173124
99286
50983
60752
127685
116392
116393
18712
70521
148746
137453
148749
137457
137458
169806
169809
13797
34852
6243
6245
44623
44627
152070
33336
163369
152076
173135
99296
60763
138989
127697
127698
70530
18723
18727
169812
169817
158523
126178
158526
147236
157003
7774
7779
34863
34869
23575
174664
44633
152082
163379
22053
54401
54403
152089
43115
173148
138995
60773
18732
81835
148767
18735
91600
126182
169825
137478
80311
28504
80317
34870
44643
174675
163383
44647
152093
163389
152096
173151
22069
60780
148773
137482
169831
70554
169832
137486
158541
169838
28519
17226
168318
157028
7796
34881
23591
34886
55942
163397
33365
54427
60791
60793
81857
81858
158552
169847
39817
169849
80331
147265
17233
168325
168328
34893
34895
34897
6282
33374
65727
54434
54435
173174
43146
64208
81860
70570
148795
148796
70573
81869
148798
18766
39822
28530
158568
80346
168334
38306
6293
44678
22090
173184
43156
64210
64217
70587
70588
147282
49601
80359
168345
27027
27029
44681
55976
55977
44688
65741
33394
65744
65748
43163
64225
64226
81884
103917
169870
18787
158581
39847
91657
147292
49616
49617
27030
27031
27034
157067
55986
44694
54461
103920
18794
81899
169881
39852
39853
17273
28568
102409
168367
54471
75538
85300
64248
74018
103939
169895
28572
80381
113708
80384
49635
38343
27059
65774
86831
43190
86839
39875
113719
102428
80398
49646
168384
168385
168386
157094
38359
27064
157097
90169
86840
75552
96610
85324
74039
39882
39883
91694
28595
28597
168392
27073
90176
27079
48136
48137
150924
65791
86850
75562
96620
75567
64273
75569
74046
95101
103964
103965
113731
113732
59430
59431
59432
90188
85346
74051
811
85348
812
814
103973
102450
113746
90194
90195
38388
48150
69218
86871
86875
75583
75584
96646
85351
85355
85356
95121
95122
95123
95126
103986
102469
134819
69226
3604
108910
108912
160721
160722
85360
102473
123532
133301
112249
59467
133308
69236
20930
150965
160732
160737
30706
107401
85370
170506
170508
107406
842
102487
112252
144600
59478
122022
48189
3624
160742
85384
74097
113782
113788
134841
102499
123558
112264
133322
144619
122030
48191
79023
20951
79027
20959
30723
108948
96683
85390
96686
107429
868
123561
112272
133331
133333
122041
143108
20964
79038
3648
2120
30739
96691
170531
2123
40502
95175
117208
112281
144632
154403
154406
69274
69275
69276
20970
3650
20974
108962
160771
3659
170541
118734
51805
2133
2134
118735
170546
2138
881
887
117218
134871
123584
155934
123589
112299
165700
165705
133358
143122
69283
79055
3666
30757
30759
2143
139800
139801
2147
107453
139804
895
134884
123591
25912
155949
122071
133368
165719
143134
143136
13104
20997
30761
170569
155957
8606
165726
24404
143144
164205
164206
79074
3680
3682
108990
51837
61602
139827
128536
117246
25930
155965
144673
25936
8618
14647
8619
122093
165736
35706
24417
3698
30786
30787
40552
40554
40559
50321
117250
149600
117252
149603
155971
25944
14653
133391
133392
133394
165745
165747
35717
24422
79096
2181
139844
72915
50331
117262
61629
127032
127037
14663
165758
35727
143171
143176
143179
51863
118793
72921
40574
40577
72925
72927
128563
128566
149623
149627
71406
127048
155991
155993
14670
8644
25968
8649
24446
7124
13153
143186
164242
45506
174012
51879
40587
128570
72939
50350
61647
71412
60122
25977
14686
35742
165779
24453
7131
56807
45513
7138
34223
51886
139876
139879
61656
82712
82713
71420
117296
50368
19613
82718
60130
19619
8660
25986
14697
165786
24462
56818
13177
34233
164266
174030
51891
139884
72955
61662
128592
72959
61668
71431
71435
60141
127071
60143
138368
81205
159429
165791
8679
24474
13181
45539
34244
174044
55309
44019
139891
72967
139898
82731
19633
149667
71443
92500
71447
159430
159435
159439
148147
18118
18119
169207
169208
45540
13192
45546
