4907
1128
29479
25740
25741
32470
25747
42989
11503
11507
36442
18789
36447
22202
8645
22209
39992
29480
39993
4689
5108
18791
18793
36458
21793
1144
29497
15253
15259
11528
5113
29735
8662
8663
11299
32739
4934
1151
4937
1159
25770
25775
36709
19233
29746
29747
32741
32742
8675
22239
4940
4943
1165
1166
36710
15277
26204
5138
1406
36489
8680
8684
8689
4951
4953
15281
5140
19255
15520
32762
22259
1186
8931
11565
8935
29773
1429
32774
32778
9129
36745
19507
26238
11575
8947
1430
15544
33201
9135
9136
9139
4987
26246
11582
8954
1443
29799
15556
15557
9144
22289
4991
4992
19521
26257
11597
12015
19293
1455
33221
33226
11830
33228
11832
5423
36772
36777
26269
15804
22532
15805
15808
1463
15579
15811
15812
8987
12032
22545
15818
12034
9403
1475
114
119
15586
9171
15588
33245
11852
5449
26280
19557
15820
12041
22554
40213
126
15595
16010
9187
9188
37222
26296
15835
15839
9424
26534
19808
16029
37231
19578
22575
33506
5702
144
19814
19818
26546
16034
11883
22814
5472
1740
1741
12072
23003
33518
12078
156
159
26555
22824
22826
5485
19595
22590
40253
33528
12088
19836
12322
12326
26802
15875
26804
26805
26806
5731
19845
19846
16065
16069
9709
23030
40272
16303
33545
16305
5743
5747
26580
16071
16074
37515
27006
40515
1784
15898
23041
9487
37521
22863
30015
2216
16322
9499
19872
19875
37536
22870
22874
449
16332
16334
23063
12608
19882
19887
37549
22882
27039
22883
12371
9742
23303
30034
30035
2238
23071
23073
16348
5787
6203
27041
27047
40552
9756
23314
2249
26869
5797
5798
704
27050
40562
30051
40567
30055
30059
475
2258
12631
34029
12638
33841
23331
2269
6237
725
37582
27079
38008
40589
41005
41009
2278
2279
27313
34045
34049
12653
6240
30312
6248
27080
38013
40591
40592
33868
9797
30085
23358
16393
16394
27323
37837
30320
2529
16634
23363
41023
41024
2295
12675
6260
30331
6261
23609
6268
754
2536
2538
38034
33882
41030
34307
41038
6501
12919
27342
34074
34077
12680
23612
12685
30341
30343
6273
2543
38043
33893
34313
34315
6510
6516
6517
30353
13119
772
2555
23391
16665
12935
34090
16903
30362
40875
2560
786
787
788
2567
2569
38063
16677
30602
37882
2805
2806
27373
27378
23640
23641
30371
16916
41306
38070
38071
34341
41070
41076
17108
12956
6545
2812
27381
2816
37899
27388
16920
23656
40898
30389
2588
38089
27624
16699
34359
12963
12965
30620
6555
20115
2822
2825
16932
41326
2594
3014
27632
27636
41093
12971
12975
23909
2830
38334
16942
16947
34606
41334
6807
34378
6577
6579
16951
16954
23688
34615
6812
3037
27657
23920
12996
20147
23692
41350
23698
6822
6827
3047
27668
6595
23938
30669
2863
7019
27901
27909
6830
6831
6833
17161
30670
13435
23948
2870
7026
38371
38377
16981
34645
24136
6840
6841
23951
13442
3308
27927
24143
30921
27692
17180
27697
28115
13454
30695
41622
41628
17420
34664
24152
27937
34665
17429
6864
3080
3081
20429
3088
17193
28126
23971
13464
41632
23978
23979
34906
41639
3324
27945
17433
17434
20430
13704
6876
38641
28131
34911
31134
3330
3334
27955
24178
13489
41659
17453
35110
17456
17459
13721
20450
30964
20454
20459
28150
38664
24422
41665
7086
24429
3352
27971
38906
35125
35128
41902
7326
34942
7090
34948
7094
31169
35137
30986
7330
20476
31405
38682
28172
39100
3609
24448
20710
38920
17484
17486
35145
35148
41923
30996
31412
31415
3611
3614
39111
34960
34964
31180
17728
31186
42115
20723
20729
10219
35151
35156
41933
7358
17730
17734
17735
42124
20731
3393
20739
10228
35160
38945
19
28434
38949
35167
13774
39133
39138
34982
7601
20746
41950
24482
24486
24488
35418
28456
24723
41965
24725
7382
14218
35424
24497
7620
10254
20768
38972
28465
24733
14223
14224
7398
3661
3662
3666
20773
31704
31705
10265
20779
10268
38982
38986
3908
28474
31470
41989
42404
14237
42409
39172
20782
21206
63
39410
39413
39419
14240
14249
3684
4102
17790
18216
42187
21210
31724
10284
10285
7656
21219
74
28490
3925
28491
78
3927
39427
24761
31493
42426
42429
39190
3697
42193
10296
31738
31739
7903
4123
14504
98
3947
14274
14276
14277
14278
35483
28757
18246
18248
31752
14513
7689
24794
42451
24797
42456
10551
4141
7928
28761
28763
18255
21250
8116
39462
39469
35731
25221
7939
4155
31773
21261
14536
8123
3970
10805
3975
39479
25233
10572
10574
4161
10578
21509
4168
29206
21272
32200
42714
42719
8137
3989
35752
25247
28795
39723
18285
29212
39727
21284
42728
39499
18526
18528
42499
10591
4186
11016
39731
18296
39738
14563
14566
21295
8152
8158
10833
25263
18536
21536
29232
39745
8166
32238
35780
25272
11036
29241
29244
29249
42752
25512
42753
8174
32245
10853
10856
35791
25284
36213
25288
7990
39760
42768
4450
25297
36226
14837
39772
25532
42775
32269
4464
21808
18576
29507
8430
11063
39783
25540
42781
42782
25545
32276
4471
4479
19000
19004
29518
36248
21584
4712
29283
39799
32289
4483
4484
11316
18593
29520
19011
29527
19015
36256
14861
19017
19018
21592
21594
11089
22017
11322
36500
15069
11330
21844
11338
19034
25819
36516
21855
21856
11347
1202
36282
14893
14897
25825
22041
8486
32557
4756
25594
36522
15083
18868
26011
25598
26013
21861
21863
21865
21869
32562
25838
32567
15328
18871
15096
36539
21871
21875
29571
1221
29573
32577
11600
8741
19074
29588
15340
15344
33001
22074
22077
11615
11616
29821
19312
26042
29827
8753
21899
22313
32826
32829
1242
1247
25861
22081
32595
5219
19328
8769
19090
1255
36800
36808
22097
11632
5222
5223
5228
26062
8778
1267
15370
15371
26300
26306
33035
5237
29853
26072
26074
32852
15613
8789
9206
26312
29861
1514
26081
37013
9218
1285
15390
15395
26324
26329
11660
26094
22368
11902
11909
36849
5260
22604
11678
22609
1530
19371
19374
19375
19376
37032
37038
15642
40032
15649
33305
19613
36855
26343
19616
36858
11680
12103
5276
37047
37049
22380
40042
9244
5517
19622
26355
36869
33085
12118
1552
1555
37051
22391
9252
5520
11938
33091
26364
26369
33099
15904
22635
5294
203
37064
26605
9269
11947
26371
26372
36885
37305
22640
12131
1571
217
15685
26614
9272
9274
5541
36892
19654
37319
22657
1589
2004
2005
40084
5557
1828
26394
37326
37327
15936
40324
9528
1597
33361
40090
16122
19908
26639
5565
1831
1832
19676
15940
15948
12166
40337
2020
2022
16134
16135
22912
11987
9540
5816
19921
26650
19925
16143
19928
33384
12414
5589
12419
19690
1855
19694
1856
19696
19698
33620
33621
15966
40356
2043
2045
2048
19938
33396
33397
1864
503
1866
37367
15972
12192
33634
23128
23129
26672
26675
16167
22940
40600
9809
37373
33640
33641
23134
26682
16172
19958
27106
22954
22955
9811
40614
30102
9819
1887
2308
37387
2309
26920
15994
26923
16412
26925
16419
2071
296
19961
26697
27113
22963
40621
6043
533
534
2313
40394
23157
2083
19976
37632
37636
16197
37639
30121
9839
6056
16431
16432
26945
33674
23167
5874
2094
19988
27136
9842
40643
22989
40644
2330
2332
558
23171
23172
12714
6307
37650
12480
9850
33921
23417
30149
2341
23184
23186
34119
802
808
12494
12496
9865
33936
30153
6083
23427
30156
2350
573
26971
26972
16462
12730
34129
37670
9870
9871
23430
33947
40676
16708
30167
16470
27401
34133
34134
6330
6332
30405
820
27170
2605
38104
9883
33958
592
2370
2375
16483
27410
26998
37926
27417
12751
30411
6342
6343
30419
27188
16722
33965
9896
40697
16491
27425
34159
30426
38120
38121
27197
16732
23464
33977
16738
23468
2393
2396
37943
37946
27438
12773
23703
23704
40949
6368
852
2636
2637
16741
16742
23472
33987
16748
6602
37956
34179
30444
13206
13208
860
2645
33991
34414
41146
41148
6615
37966
27459
34187
40964
6382
40968
6388
875
2652
34421
23496
23498
6626
27463
27464
6397
888
16770
30708
38409
40988
16780
17201
17209
20201
30714
2910
2911
37991
27482
40994
13245
16798
41183
2927
27494
2929
38429
13251
2694
3116
38196
3119
27733
34464
6660
6665
6666
20229
38431
23773
27740
17230
17234
20232
30746
2941
2943
38440
41444
34717
41448
3135
30750
13515
7100
6686
7105
38450
34722
34726
24218
27761
17250
27764
17254
34497
6690
30763
6693
6698
20258
38466
34734
41463
34736
34739
6935
17267
20261
7122
41706
41707
38474
34743
41472
41479
20503
3169
27783
17275
17279
30781
13545
20274
20275
7134
41718
3406
34755
24249
6952
10008
28211
28216
20280
13558
3418
41497
6966
10016
17291
28225
7159
3427
24266
24268
13802
13803
20537
20539
38743
31235
3430
3435
24272
13587
31248
13822
20551
20552
13825
13826
20555
13827
13828
13829
38769
24522
14012
17562
17565
20561
7422
28267
31261
31262
17809
14025
41779
14029
20807
3469
28501
28502
35234
13843
31500
10061
20574
7432
31504
41784
14036
14038
10304
10305
17583
28516
20580
13854
21000
31516
10078
31518
3712
38794
38796
24550
17826
42214
10310
10316
35250
17595
35252
35258
13861
13866
31523
10083
31524
20599
31529
3721
39224
39227
42221
14055
20833
3494
28533
35263
18025
24803
24804
31532
10092
13877
10095
31536
21028
3737
20840
13885
13887
21032
14305
31546
14306
14308
14309
39240
3749
17853
35510
42246
14079
42247
10342
20855
28559
13890
35289
31551
3750
25015
10352
20868
31561
31563
24837
31565
7498
7499
14091
28803
17877
35535
42267
31802
10364
31804
31808
28575
39503
42501
24847
21063
42505
14338
10606
3778
28810
42271
17889
18303
25031
25037
21302
7745
28582
18070
28583
39510
28585
29008
14341
31584
21071
42513
32002
32003
3782
39286
35550
17897
28825
28827
35556
25045
35558
42289
10380
7754
10389
28592
28596
39527
24861
32010
3793
3794
10628
4216
39296
35562
21320
14366
35807
4229
25060
25064
21330
31846
31849
32037
18349
36009
42559
28860
18351
36012
36015
25089
14621
7794
8211
21356
8212
21359
29051
39564
29053
42564
25090
18368
21361
31874
14634
31876
42807
39570
29065
21602
4268
28889
18377
29306
18379
31881
31882
42812
21372
21373
14646
21374
21378
8237
10919
35852
42580
25344
10680
32078
4278
36041
36049
31895
4515
4517
29084
18622
18626
42597
32088
21620
4281
18395
18399
36056
21390
21393
21394
32323
21396
29097
35872
18637
25366
21637
29332
39848
14676
25607
18641
25375
43033
8508
29341
14680
32341
25615
15106
15108
4548
25381
18657
35899
25388
36317
21652
14925
1000
25625
18662
18667
25398
14933
43059
21662
11150
11156
36092
29365
1016
1018
42873
15123
25638
15128
21901
4560
36332
36334
18679
36335
36339
21674
11162
32606
11166
8537
4801
29375
42881
25642
25649
18681
18685
36344
19109
8540
8541
14958
4810
4811
18920
1039
18924
42896
21922
10996
10997
11414
29621
19110
19118
21690
14963
21695
11183
11184
8553
4821
29392
1045
29397
29398
25669
21934
5010
29636
14970
32631
8562
22122
4831
4836
4839
1058
36374
14981
15401
15402
14988
15405
22133
32646
8578
18952
18953
36612
26103
36616
21951
26108
21954
1303
29655
36383
1309
25920
32651
15416
22145
4850
4857
11453
21966
11455
21969
11457
8829
1312
29666
8591
9010
8598
9016
1086
18975
15195
21978
5050
8836
5052
19163
25947
18980
18984
19402
21980
11472
22401
22407
19173
22171
22176
33105
4885
19415
26149
11480
11486
5072
5076
1341
29698
33110
32697
22185
9044
22189
5313
4899
11729
5315
8865
19193
1355
22192
33124
22199
11732
5326
29943
26161
26166
32947
5092
15709
5098
1364
25987
33130
9064
36680
29957
19446
1609
37109
8888
40107
1374
25995
15488
33147
11751
26180
29966
26188
15723
40116
15490
26423
11766
29976
37120
32974
1398
36943
19704
19706
9092
5360
22703
22705
5364
5367
19476
1639
15741
5607
1642
19484
1647
9340
40149
33188
19495
15760
37159
22492
22496
40151
33424
36975
26464
36979
33195
22733
22735
5396
1663
301
1665
40164
33439
5630
1901
26471
19744
19748
26477
12232
312
37179
15784
9370
16203
1910
36991
26482
36996
1918
1919
12240
22755
22759
323
1689
15796
15798
33454
9387
16218
19761
26493
22762
40422
40428
2111
337
37196
26731
33463
26737
33466
9398
40198
1933
19776
22770
12267
5906
348
33475
26748
26749
5671
5674
12505
37444
12274
22788
9645
23206
5912
2133
33485
16247
5685
19794
37451
37455
22790
22792
33726
2142
368
2145
2146
26763
26765
6118
1966
33731
12293
40462
9664
40463
23223
40465
16260
9671
2168
37711
16275
27209
40710
6130
9919
1984
37487
9680
23246
9689
16519
23249
398
16282
37729
9921
6140
40725
1992
1994
37494
9694
23258
40730
40731
40735
9938
30228
33777
5970
5975
2192
9943
6168
2437
16546
5984
27242
40757
30249
16556
12825
904
9966
30255
40769
673
2450
675
16568
34227
12834
12837
918
27261
37775
27268
9977
6193
30264
27508
6435
37780
2703
27277
16814
40784
9988
23547
40789
16580
27512
34240
27516
12858
12859
20006
37794
16820
40791
40795
41214
13047
16592
27524
34257
17017
30527
6458
948
2726
16835
23566
13054
41225
2492
2493
17023
17029
30532
6469
2730
2734
2739
34506
13069
6702
27541
30540
30544
6478
20037
966
38240
38248
23584
13075
24004
24006
17045
23823
12898
978
2755
2759
38255
13083
23596
6721
6724
27565
17057
17058
6491
20050
6492
6494
13325
20053
6495
6498
20057
980
2760
38266
16874
27802
24024
30807
27574
17067
23842
13334
16889
30817
38514
20072
41518
38284
16890
27825
27827
24046
20315
30828
20318
17081
28013
30595
34560
41294
30832
20320
30834
20323
17093
28022
28027
23874
13362
31022
13368
20098
30844
30847
28035
41543
41545
27856
24073
35000
6786
13617
20346
23893
28049
24310
24312
24315
34828
41558
3243
24081
35012
17358
13626
7217
28057
41569
31058
38805
27879
17369
30870
20367
34840
41576
34848
38812
27887
27888
28303
28304
41815
7233
39002
34850
34856
27896
28311
38824
35040
28314
41822
13659
38591
41593
42010
42011
3281
10111
10114
3285
20628
38838
41832
7254
7256
39027
24360
34874
17635
13901
20631
3294
38840
28334
13677
17643
42034
35308
13913
42038
20646
7504
7509
38850
13681
41857
31348
3540
34898
42042
35317
10148
28352
28354
35082
31350
31351
14111
31355
14119
3553
17661
17663
13934
7523
10159
38870
38873
35090
24637
24639
7297
3561
28600
10161
7532
41880
14138
31379
3572
39074
39075
21107
21109
3810
38892
3818
39313
39314
39318
24650
24651
41895
17928
14145
41899
10415
39080
39085
28624
10185
39321
3829
39326
17933
24665
24669
20937
20938
20939
42090
42097
13976
21122
7568
3832
39332
39338
24674
35602
35605
28647
13981
18139
31641
13987
39340
17959
35615
14177
20959
4037
4038
18146
13997
14414
7585
8009
3856
7821
20967
4040
7827
31660
24933
24937
31667
8018
28903
42364
14199
10460
7830
4053
24940
31671
42605
21167
39371
35640
18408
20987
10477
7846
28683
29101
29102
39617
14441
24955
21176
32105
8037
10712
28928
31924
4072
21419
29117
24961
31692
21185
8043
21187
32115
10720
39395
4319
35660
25152
28938
7863
31934
31936
4085
18197
24972
35904
21195
14468
32125
21198
10730
10739
35670
18433
28947
31942
14702
31944
31946
21435
14471
14472
42649
10743
21445
39655
29147
24994
35926
14486
32142
10754
4343
25182
36113
36119
14723
14496
35939
8086
10767
4352
4355
4358
28971
28972
39900
25194
14738
21469
39678
25432
42674
32163
25436
39910
28984
28985
29400
18473
29405
18478
18479
29408
29409
42911
14743
32402
32408
32409
4607
25443
21712
10786
21716
21719
4376
18483
28997
29416
36144
31995
32416
32187
4386
39933
8356
25466
25469
25700
32431
42944
25706
8366
35985
25473
21748
25711
25713
32447
32448
4649
25486
36414
25489
36416
36418
21752
39963
39965
36187
14792
42969
4650
36421
36425
21765
11253
39971
36192
29467
32464
8396
18772
36433
11260
8632
8635
32707
